Imagem;Q1;Q2;Q3;Q4;
hz_1224099-PPT.jpg;24.95;94.75;359.51;323.28
hz_1234055-PPT.jpg;15.67;93.13;253.34;292.98
hz_1234223-PPT.jpg;39.94;134.59;296.05;291.22
hz_1235128-PPT.jpg;50.35;143.06;258.9;390.65
hz_1235134-PPT.jpg;12.26;99.97;266.06;235.24
hz_1235167-PPT.jpg;35.09;153.39;462.55;549.61
hz_1236191-PPT.jpg;102.14;268.44;547.46;617.9
hz_1242061-PPT.jpg;87.05;77.27;254.38;588.58
hz_1327005-PPT.jpg;44.2;278.74;416.99;490.48
hz_1327006-PPT.jpg;7.24;529.12;869.83;1048.01
hz_1327007-PPT.jpg;8.68;512.93;800.71;910.07
hz_1327010-PPT.jpg;49.37;163.38;619.86;1062.29
hz_1432033-PPT.jpg;16.96;105.29;198.03;308.13
hz_1435039-PPT.jpg;47.28;181.2;403.21;490.53
hz_1435044-PPT.jpg;63.46;224.81;413.46;715.94
hz_1435166-PPT.jpg;73.57;287.89;495.56;1017.21
hz_1472066-PPT.jpg;66.89;157.51;367.52;394.03
hz_1472071-PPT.jpg;40.29;192.34;457.15;804.09
hz_1472072-PPT.jpg;89.37;125.6;317.11;649.69
hz_1599057-PPT.jpg;21.7;111.81;227.31;236.13
hz_1599059-PPT.jpg;9.91;91.6;221.87;294.2
hz_1599060-PPT.jpg;29.89;98.52;330.07;276.49
hz_1599434-PPT.jpg;13.95;91.27;182.15;327.44
hz_1599436-PPT.jpg;13.32;79.43;242.21;285.15
hz_1599438-PPT.jpg;16.48;88.01;237.81;231.41
hz_1599880-PPT.jpg;63.84;209.64;379.78;455.11
hz_1599958-PPT.jpg;76.66;106.03;250.27;864.64
hz_1599992-PPT.jpg;61.39;158.53;271.34;553.39
hz_1599995-PPT.jpg;29.04;217.35;432.02;317.42
hz_1599996-PPT.jpg;50.85;185.85;358.91;633.14
hz_1599997-PPT.jpg;48.24;120.18;277.75;443.34
hz_1600092-PPT.jpg;70.04;299.79;480.31;539.1
hz_1600093-PPT.jpg;115.26;333.1;495.65;632.8
hz_5360671-PPT.jpg;29.13;97.66;330.66;552.97
hz_5360672-PPT.jpg;75.27;209.46;425.92;743.9
hz_5361215-PPT.jpg;49.88;152.52;315.22;394.87
hz_5506206-PPT.jpg;61.78;173.66;314.69;302.13
hz_5506207-PPT.jpg;56.63;118.31;293.74;382.18
hz_5511469-PPT.jpg;26.2;114.87;330.03;334.17
hz_5520223-PPT.jpg;49.62;110.03;331.82;565.58
hz_imagem_64.jpg;11.44;193.02;178.62;376.37
hz_imagem_68.jpg;35.06;125.84;251.34;359.39
sf_1235063-PPT.jpg;67.32;83.95;221.03;252.95
sf_1235064-PPT.jpg;44.68;94.48;227.37;243.74
sf_1235135-PPT.jpg;80.22;198.65;363.72;518.63
sf_1320022-PPT.jpg;77.62;335.43;349.96;470.84
sf_1327032-PPT.jpg;10.72;80.76;264.3;323.71
sf_1327071-PPT.jpg;19.63;337.32;340.76;376.93
sf_1327072-PPT.jpg;36.2;116.46;257.88;429.94
sf_1327073-PPT.jpg;84.85;219.46;800.76;545.34
sf_1435040-PPT.jpg;96.54;270.97;355.37;850.55
sf_1435163-PPT.jpg;18.12;133.15;224.84;298.76
sf_1481171-PPT.jpg;51.34;440.14;527.35;476.5
sf_1599072-PPT.jpg;13.73;193.87;228.95;393.43
sf_1599073-PPT.jpg;28.45;171.15;381.41;284.15
sf_1599417-PPT.jpg;37.02;211.54;663.63;501.06
sf_1599419-PPT.jpg;22.32;138.63;313.51;400.64
sf_1599420-PPT.jpg;21.64;107.98;299.32;240.33
sf_1599888-PPT.jpg;4.13;108.87;219.62;202.08
sf_1599889-PPT.jpg;4.13;106.42;223.42;207.17
sf_1599890-PPT.jpg;7.13;131.51;250.29;246.63
sf_1599891-PPT.jpg;16.64;154.64;231.93;281.42
sf_1599892-PPT.jpg;27.46;113.24;250.57;321.43
sf_1599893-PPT.jpg;87.28;304.22;874.25;1111.82
sf_1599894-PPT.jpg;35.95;387.12;803.23;1213.04
sf_1599998-PPT.jpg;28.72;179.32;286.84;331.52
sf_1599999-PPT.jpg;28.53;179.38;290.06;324.68
sf_1600000-PPT.jpg;26.65;131.09;359.09;448.61
sf_1600001-PPT.jpg;44.85;285.85;478.11;447.27
sf_1600003-PPT.jpg;46.29;148.45;295.23;343.24
sf_1600004-PPT.jpg;5.88;114.87;355.92;435.86
sf_1600005-PPT.jpg;27.43;226.95;429.5;474.48
sf_1600006-PPT.jpg;46.35;140.15;299.11;338.99
sf_1600007-PPT.jpg;36.09;198.22;479.26;489.57
sf_1600008-PPT.jpg;44.6;159.68;441.97;581.58
sf_1600009-PPT.jpg;54.14;107.17;399.48;596.52
sf_1600010-PPT.jpg;49.61;245.65;533.75;767.74
sf_1600011-PPT.jpg;12.65;96.69;227.58;251.24
sf_1600099-PPT.jpg;46.79;182.08;385.15;520.08
sf_1600101-PPT.jpg;49.39;109.82;400.13;749.45
sf_1600102-PPT.jpg;24.53;110.38;243.58;278.97
sf_1600133-PPT.jpg;60.78;306.55;411.87;529.1
sf_1600134-PPT.jpg;16.4;123.8;220.8;291.64
sf_1600135-PPT.jpg;21.95;93.68;264.5;314.31
sf_1673034-PPT.jpg;17.68;173.46;300.42;416.92
sf_1858071-PPT.jpg;24.29;105.17;490.06;640.73
sf_1858074-PPT.jpg;29.55;121.62;566.14;754.59
sf_4387058-PPT.jpg;100.64;221.51;645.44;982.51
sf_5110009-PPT.jpg;48.66;393.25;358.48;696.53
sf_5360472-PPT.jpg;35.9;430.92;401.94;931.52
sf_5361210-PPT.jpg;54.13;217.59;340.31;777.45
sf_5367921-PPT.jpg;5.7;77.07;212.77;225.3
sf_5367922-PPT.jpg;21.69;98.38;205.19;247.28
sf_5367923-PPT.jpg;14.82;78.31;187.72;213.96
sf_5367924-PPT.jpg;23.47;84.37;191.01;207.65
sf_5438976-PPT.jpg;7.74;88.79;192.3;189.34
sf_5438977-PPT.jpg;10.96;89.76;196.25;215.65
sf_5438978-PPT.jpg;20.35;75.79;208.57;228.7
sf_5507023-PPT.jpg;43.8;132.8;411.9;688.39
sf_5507028-PPT.jpg;56.83;151.02;1074.02;1171.71
