Imagem;Q1;Q2;Q3;Q4;
hz_1224099-PPT.jpg;47.1;78.73;392.22;256.97
hz_1234055-PPT.jpg;43.84;84.42;282.09;262.61
hz_1234223-PPT.jpg;69.43;130.53;306.95;253.31
hz_1235128-PPT.jpg;98.15;135.15;247.57;341.59
hz_1235134-PPT.jpg;23.32;75.9;275.93;188.34
hz_1235167-PPT.jpg;63.91;218.12;486.29;583.92
hz_1236191-PPT.jpg;225.78;347.64;672.19;667.63
hz_1242061-PPT.jpg;188.26;46.7;269.54;619.69
hz_1327005-PPT.jpg;66.79;295.33;503.73;507.94
hz_1327006-PPT.jpg;13.91;547.38;927.18;1093.22
hz_1327007-PPT.jpg;16.0;521.36;838.9;924.69
hz_1327010-PPT.jpg;116.03;222.43;728.42;1028.61
hz_1432033-PPT.jpg;39.13;98.36;187.04;251.2
hz_1435039-PPT.jpg;87.84;207.9;454.85;469.05
hz_1435044-PPT.jpg;103.35;233.01;488.38;718.88
hz_1435166-PPT.jpg;145.83;409.9;645.53;1036.72
hz_1472066-PPT.jpg;111.28;161.18;388.43;362.96
hz_1472071-PPT.jpg;85.24;229.09;503.03;773.83
hz_1472072-PPT.jpg;147.14;127.31;359.49;613.81
hz_1599057-PPT.jpg;38.04;107.22;249.23;181.35
hz_1599059-PPT.jpg;22.71;76.84;220.51;237.85
hz_1599060-PPT.jpg;63.57;91.16;340.34;234.39
hz_1599434-PPT.jpg;29.03;63.49;167.37;277.15
hz_1599436-PPT.jpg;25.76;58.27;238.88;236.26
hz_1599438-PPT.jpg;33.85;60.11;249.03;177.81
hz_1599880-PPT.jpg;109.13;285.9;446.56;464.75
hz_1599958-PPT.jpg;133.57;106.33;265.95;832.78
hz_1599992-PPT.jpg;99.47;148.76;270.6;500.01
hz_1599995-PPT.jpg;52.94;228.05;472.25;271.96
hz_1599996-PPT.jpg;96.11;235.72;395.22;615.12
hz_1599997-PPT.jpg;93.76;138.42;303.96;439.21
hz_1600092-PPT.jpg;137.45;340.99;594.05;573.98
hz_1600093-PPT.jpg;245.78;427.73;592.03;695.97
hz_5360671-PPT.jpg;58.3;73.3;333.47;504.12
hz_5360672-PPT.jpg;156.21;223.08;467.05;747.42
hz_5361215-PPT.jpg;94.45;153.08;342.98;375.93
hz_5506206-PPT.jpg;126.94;179.86;344.0;273.3
hz_5506207-PPT.jpg;138.3;120.13;282.57;345.3
hz_5511469-PPT.jpg;50.63;115.78;347.89;293.37
hz_5520223-PPT.jpg;92.88;114.69;334.33;567.45
hz_imagem_64.jpg;23.75;200.65;134.78;333.58
hz_imagem_68.jpg;96.71;197.46;262.48;368.46
sf_1235063-PPT.jpg;148.41;53.92;212.83;208.61
sf_1235064-PPT.jpg;127.57;85.7;227.77;194.72
sf_1235135-PPT.jpg;132.11;210.37;377.32;486.03
sf_1320022-PPT.jpg;126.82;440.31;524.87;498.1
sf_1327032-PPT.jpg;24.42;54.75;327.91;317.81
sf_1327071-PPT.jpg;38.59;328.56;364.29;340.83
sf_1327072-PPT.jpg;81.47;125.16;264.65;392.51
sf_1327073-PPT.jpg;139.36;258.13;859.16;551.95
sf_1435040-PPT.jpg;166.52;307.1;371.01;806.21
sf_1435163-PPT.jpg;29.9;170.85;236.26;264.65
sf_1481171-PPT.jpg;86.53;457.77;584.98;466.1
sf_1599072-PPT.jpg;24.62;200.2;237.01;334.23
sf_1599073-PPT.jpg;53.23;180.73;396.34;240.05
sf_1599417-PPT.jpg;83.47;208.36;694.32;475.1
sf_1599419-PPT.jpg;43.22;145.68;323.57;343.67
sf_1599420-PPT.jpg;37.28;99.1;305.73;184.7
sf_1599888-PPT.jpg;8.33;110.96;235.48;145.36
sf_1599889-PPT.jpg;8.28;111.2;237.25;147.44
sf_1599890-PPT.jpg;14.25;169.11;274.74;207.0
sf_1599891-PPT.jpg;34.81;162.16;246.23;240.68
sf_1599892-PPT.jpg;67.95;98.75;265.41;277.74
sf_1599893-PPT.jpg;209.65;374.4;893.44;1070.95
sf_1599894-PPT.jpg;68.34;433.34;824.13;1198.14
sf_1599998-PPT.jpg;44.32;220.78;319.54;296.36
sf_1599999-PPT.jpg;44.33;223.24;325.25;291.24
sf_1600000-PPT.jpg;69.76;121.4;400.55;430.73
sf_1600001-PPT.jpg;97.36;339.1;508.15;424.11
sf_1600003-PPT.jpg;98.48;168.82;337.94;283.12
sf_1600004-PPT.jpg;9.18;109.94;389.82;415.24
sf_1600005-PPT.jpg;47.96;228.96;443.84;428.94
sf_1600006-PPT.jpg;98.44;163.37;339.8;277.54
sf_1600007-PPT.jpg;61.97;193.28;524.51;448.24
sf_1600008-PPT.jpg;99.57;179.27;464.74;558.84
sf_1600009-PPT.jpg;103.1;100.92;421.26;569.52
sf_1600010-PPT.jpg;105.47;323.25;566.35;754.13
sf_1600011-PPT.jpg;22.03;85.3;243.49;183.77
sf_1600099-PPT.jpg;92.65;179.52;429.28;497.89
sf_1600101-PPT.jpg;91.88;97.51;390.19;722.4
sf_1600102-PPT.jpg;55.05;129.67;263.94;236.9
sf_1600133-PPT.jpg;129.43;298.56;479.33;524.99
sf_1600134-PPT.jpg;31.69;157.5;206.33;269.94
sf_1600135-PPT.jpg;32.87;71.63;289.15;265.76
sf_1673034-PPT.jpg;29.23;248.96;351.71;376.89
sf_1858071-PPT.jpg;48.53;98.39;493.42;628.63
sf_1858074-PPT.jpg;58.55;109.31;562.64;738.8
sf_4387058-PPT.jpg;173.6;237.62;644.66;952.72
sf_5110009-PPT.jpg;80.1;431.33;404.64;689.2
sf_5360472-PPT.jpg;83.3;426.71;432.35;917.93
sf_5361210-PPT.jpg;103.18;211.47;373.27;781.31
sf_5367921-PPT.jpg;13.55;48.73;202.84;175.08
sf_5367922-PPT.jpg;43.7;88.76;208.2;206.46
sf_5367923-PPT.jpg;29.95;52.92;175.67;157.01
sf_5367924-PPT.jpg;49.4;62.83;190.36;147.35
sf_5438976-PPT.jpg;11.78;69.12;190.07;107.24
sf_5438977-PPT.jpg;20.52;67.68;169.4;148.09
sf_5438978-PPT.jpg;38.5;40.01;200.52;162.23
sf_5507023-PPT.jpg;93.54;155.99;414.93;635.46
sf_5507028-PPT.jpg;96.69;157.3;1122.02;1168.68
