Imagem;Q1;Q2;Q3;Q4;
hz_1224099-PPT.jpg;10085.73;4311.6;3485.91;4584.3
hz_1234055-PPT.jpg;16556.4;14914.3;18210.69;17328.45
hz_1234223-PPT.jpg;29189.57;19407.16;8196.02;11543.56
hz_1235128-PPT.jpg;13799.81;3705.53;11346.76;17508.48
hz_1235134-PPT.jpg;28090.6;27080.06;12071.65;11856.76
hz_1235167-PPT.jpg;6272.53;6475.74;29255.49;8572.63
hz_1236191-PPT.jpg;14773.23;21800.37;10656.37;8984.67
hz_1242061-PPT.jpg;7282.19;5901.43;6118.45;6634.94
hz_1327005-PPT.jpg;169.09;27672.75;10867.6;9281.53
hz_1327006-PPT.jpg;708.85;1103.63;5332.09;6152.5
hz_1327007-PPT.jpg;206.2;1047.57;4452.28;4617.35
hz_1327010-PPT.jpg;34077.47;20727.71;25626.87;40860.27
hz_1432033-PPT.jpg;10973.94;9494.42;7729.54;4736.18
hz_1435039-PPT.jpg;29921.13;17296.56;8505.26;12174.48
hz_1435044-PPT.jpg;7640.59;6706.81;16485.88;16405.82
hz_1435166-PPT.jpg;3525.83;20034.26;9596.4;6510.24
hz_1472066-PPT.jpg;16278.05;19874.54;25905.28;17439.58
hz_1472071-PPT.jpg;33622.29;29018.49;24513.22;33459.47
hz_1472072-PPT.jpg;10072.33;23922.92;13184.72;27644.87
hz_1599057-PPT.jpg;21291.57;18032.55;14238.18;11278.05
hz_1599059-PPT.jpg;11697.27;7916.8;6945.99;5627.22
hz_1599060-PPT.jpg;8607.58;12064.22;6237.57;7829.78
hz_1599434-PPT.jpg;11823.67;12582.02;8548.47;6948.16
hz_1599436-PPT.jpg;11428.83;11998.04;5897.99;9951.01
hz_1599438-PPT.jpg;10208.57;15603.72;13826.49;12962.1
hz_1599880-PPT.jpg;3194.06;5133.11;7355.29;10953.6
hz_1599958-PPT.jpg;4512.84;19906.43;12411.44;5271.06
hz_1599992-PPT.jpg;16345.61;23134.63;13598.34;25542.5
hz_1599995-PPT.jpg;1078.63;6272.57;6676.72;8052.69
hz_1599996-PPT.jpg;14464.85;6206.81;6480.3;3820.42
hz_1599997-PPT.jpg;14203.7;10687.86;10749.49;14248.38
hz_1600092-PPT.jpg;7341.13;12905.07;19130.7;10645.94
hz_1600093-PPT.jpg;5864.79;6815.04;9384.17;15355.34
hz_5360671-PPT.jpg;11458.39;6753.46;4077.68;3634.4
hz_5360672-PPT.jpg;7773.61;6689.8;24658.39;5348.77
hz_5361215-PPT.jpg;18012.88;25351.25;20610.48;8235.23
hz_5506206-PPT.jpg;10460.72;3141.24;8391.85;11867.94
hz_5506207-PPT.jpg;6062.61;11358.87;4335.37;13823.32
hz_5511469-PPT.jpg;27784.87;17192.17;8461.4;13137.43
hz_5520223-PPT.jpg;28850.16;8149.53;4299.36;9029.4
hz_imagem_64.jpg;33674.04;21483.71;9395.12;8430.43
hz_imagem_68.jpg;13314.92;10470.1;18173.16;15200.52
sf_1235063-PPT.jpg;15197.95;17855.4;11351.34;12414.06
sf_1235064-PPT.jpg;17400.74;12362.57;11361.58;11056.34
sf_1235135-PPT.jpg;10969.15;7884.48;12200.55;17295.35
sf_1320022-PPT.jpg;1574.6;7996.76;9281.8;9147.48
sf_1327032-PPT.jpg;27848.08;17712.46;13328.83;16332.04
sf_1327071-PPT.jpg;1698.27;1158.55;4369.33;4191.96
sf_1327072-PPT.jpg;20825.97;11348.24;5524.98;4994.09
sf_1327073-PPT.jpg;4906.32;14223.43;7626.45;13705.27
sf_1435040-PPT.jpg;2149.58;2263.71;28995.71;37820.98
sf_1435163-PPT.jpg;8781.43;6879.01;6431.38;7464.46
sf_1481171-PPT.jpg;302.71;1285.87;4772.6;9141.97
sf_1599072-PPT.jpg;2309.63;4205.13;8080.5;4540.23
sf_1599073-PPT.jpg;12249.69;4453.12;27310.14;8963.68
sf_1599417-PPT.jpg;18169.9;20985.38;28748.23;12415.15
sf_1599419-PPT.jpg;1993.03;11185.14;6969.51;5484.36
sf_1599420-PPT.jpg;13365.15;7350.8;22058.42;8793.34
sf_1599888-PPT.jpg;28629.8;17282.77;15860.58;12979.82
sf_1599889-PPT.jpg;28629.23;17283.59;15855.09;12986.54
sf_1599890-PPT.jpg;28631.08;16697.55;14171.96;12070.45
sf_1599891-PPT.jpg;29614.58;30356.55;12602.39;12330.84
sf_1599892-PPT.jpg;20188.19;20584.9;12400.82;15500.04
sf_1599893-PPT.jpg;15864.82;2580.66;1873.21;2232.24
sf_1599894-PPT.jpg;324.44;1083.7;1787.4;2250.08
sf_1599998-PPT.jpg;13067.89;20315.04;20861.85;11079.78
sf_1599999-PPT.jpg;13067.66;20350.48;20859.0;11064.58
sf_1600000-PPT.jpg;33070.12;18919.75;12683.27;12571.47
sf_1600001-PPT.jpg;4575.48;2494.89;7177.16;15976.18
sf_1600003-PPT.jpg;27695.06;24900.6;8942.98;22664.76
sf_1600004-PPT.jpg;925.93;3792.65;19878.97;18155.94
sf_1600005-PPT.jpg;1138.63;1497.04;29973.54;25319.38
sf_1600006-PPT.jpg;27694.95;24982.92;8953.01;22773.82
sf_1600007-PPT.jpg;17488.47;34418.06;21409.38;9891.53
sf_1600008-PPT.jpg;5549.74;6844.57;3604.78;3733.61
sf_1600009-PPT.jpg;17806.64;10980.26;6436.1;9034.93
sf_1600010-PPT.jpg;15316.06;10297.78;19633.02;30819.34
sf_1600011-PPT.jpg;15599.13;14256.52;10127.37;5962.68
sf_1600099-PPT.jpg;39702.08;28084.74;18038.26;20513.21
sf_1600101-PPT.jpg;29213.18;22425.09;22921.38;28829.14
sf_1600102-PPT.jpg;18979.4;13640.37;12360.41;9591.04
sf_1600133-PPT.jpg;7580.6;1041.88;7114.96;6582.14
sf_1600134-PPT.jpg;10407.78;8260.09;6822.97;7361.16
sf_1600135-PPT.jpg;15987.86;21789.04;11966.8;9779.45
sf_1673034-PPT.jpg;6989.96;13304.01;14170.21;6208.57
sf_1858071-PPT.jpg;6080.93;6804.48;9700.19;5732.28
sf_1858074-PPT.jpg;8944.92;6150.97;3656.17;19438.96
sf_4387058-PPT.jpg;13238.93;1890.17;2522.28;2296.31
sf_5110009-PPT.jpg;926.84;2027.55;11005.14;10786.84
sf_5360472-PPT.jpg;5904.47;1127.89;6685.14;3907.67
sf_5361210-PPT.jpg;4103.74;8005.86;8835.27;5400.19
sf_5367921-PPT.jpg;16848.98;13413.88;9534.61;10052.71
sf_5367922-PPT.jpg;18038.05;14629.09;9782.67;9503.76
sf_5367923-PPT.jpg;20079.15;15773.51;13685.34;11863.26
sf_5367924-PPT.jpg;17014.0;11463.95;9667.81;9495.7
sf_5438976-PPT.jpg;10826.41;8552.02;12413.0;12423.0
sf_5438977-PPT.jpg;12594.59;14111.35;7669.41;8142.47
sf_5438978-PPT.jpg;12188.87;9625.33;6514.57;6540.19
sf_5507023-PPT.jpg;26534.42;22628.15;31296.36;33710.43
sf_5507028-PPT.jpg;4298.79;17670.24;4284.62;9058.36
