Imagem;Q1;Q2;Q3;Q4;
hz_1224099-PPT.jpg;12415.1;4476.99;4223.77;4929.37
hz_1234055-PPT.jpg;20632.59;15603.15;18706.54;17993.2
hz_1234223-PPT.jpg;34043.12;22077.76;9681.7;12711.43
hz_1235128-PPT.jpg;17199.34;4608.96;12873.78;19089.4
hz_1235134-PPT.jpg;29428.78;27587.29;12651.62;12109.5
hz_1235167-PPT.jpg;6945.07;7487.21;30749.48;10450.0
hz_1236191-PPT.jpg;20070.04;24084.29;13712.32;11327.87
hz_1242061-PPT.jpg;7917.86;6093.21;6760.53;7498.09
hz_1327005-PPT.jpg;633.9;31260.28;12412.42;10135.67
hz_1327006-PPT.jpg;1394.41;3021.33;10424.98;9313.32
hz_1327007-PPT.jpg;509.61;2162.27;7730.18;6581.64
hz_1327010-PPT.jpg;37814.18;22356.32;27834.33;41177.0
hz_1432033-PPT.jpg;12059.86;10738.09;8229.54;4898.65
hz_1435039-PPT.jpg;33893.89;21265.42;10881.83;14986.94
hz_1435044-PPT.jpg;15728.18;10107.38;19048.67;20569.81
hz_1435166-PPT.jpg;11133.85;22952.26;11833.8;10763.54
hz_1472066-PPT.jpg;25482.1;22305.88;27294.92;19197.14
hz_1472071-PPT.jpg;37003.03;30705.42;27120.15;34703.71
hz_1472072-PPT.jpg;16814.05;24952.6;15572.21;29279.8
hz_1599057-PPT.jpg;24384.14;19109.96;14851.34;11875.56
hz_1599059-PPT.jpg;14091.76;8814.89;7333.47;6142.81
hz_1599060-PPT.jpg;11017.75;13133.44;7614.36;8441.24
hz_1599434-PPT.jpg;14912.95;13444.06;8820.8;7631.45
hz_1599436-PPT.jpg;12479.19;12352.32;6413.08;11040.18
hz_1599438-PPT.jpg;11232.29;16566.58;15213.28;13514.94
hz_1599880-PPT.jpg;4707.93;6512.73;8703.08;12592.31
hz_1599958-PPT.jpg;8697.69;20891.43;14014.64;7747.66
hz_1599992-PPT.jpg;20678.82;25502.91;15458.45;27033.62
hz_1599995-PPT.jpg;1809.54;7982.68;9162.6;9008.46
hz_1599996-PPT.jpg;19056.01;7667.59;7216.08;4427.72
hz_1599997-PPT.jpg;17467.64;11896.76;12038.11;16221.26
hz_1600092-PPT.jpg;15664.52;19498.35;20951.51;13030.1
hz_1600093-PPT.jpg;11538.27;12527.35;11730.92;17290.06
hz_5360671-PPT.jpg;15460.34;7243.33;4521.59;4151.97
hz_5360672-PPT.jpg;11419.15;11092.93;26312.88;7092.79
hz_5361215-PPT.jpg;22611.89;27990.69;22169.59;8975.57
hz_5506206-PPT.jpg;13814.87;3950.89;10120.09;12860.28
hz_5506207-PPT.jpg;9357.15;12778.79;4678.33;15533.55
hz_5511469-PPT.jpg;30798.18;18960.04;10282.84;14452.54
hz_5520223-PPT.jpg;30907.1;9235.67;4958.99;11964.13
hz_imagem_64.jpg;36216.21;25727.19;10301.31;10541.84
hz_imagem_68.jpg;14350.54;10882.69;19291.56;16431.69
sf_1235063-PPT.jpg;16615.35;18510.45;12089.77;12735.03
sf_1235064-PPT.jpg;18465.11;13012.73;11887.5;11305.58
sf_1235135-PPT.jpg;20963.74;15009.58;14980.78;20837.31
sf_1320022-PPT.jpg;8334.22;11361.2;9954.47;10185.8
sf_1327032-PPT.jpg;29152.67;18146.04;13683.53;16825.36
sf_1327071-PPT.jpg;3131.87;1393.0;4853.83;4332.02
sf_1327072-PPT.jpg;22305.63;12601.82;5876.2;5529.74
sf_1327073-PPT.jpg;12048.23;18387.37;14480.75;16114.67
sf_1435040-PPT.jpg;4836.43;3703.96;29642.48;38130.52
sf_1435163-PPT.jpg;10664.12;7241.94;6707.73;8276.21
sf_1481171-PPT.jpg;1586.99;2524.12;5925.44;10556.24
sf_1599072-PPT.jpg;2894.5;6186.95;8479.07;4759.89
sf_1599073-PPT.jpg;13634.25;6126.43;28807.64;9510.11
sf_1599417-PPT.jpg;19295.82;24977.12;32910.32;15177.42
sf_1599419-PPT.jpg;4484.98;12757.94;9075.02;6646.53
sf_1599420-PPT.jpg;14764.08;8878.67;23419.11;9185.09
sf_1599888-PPT.jpg;29478.19;18564.26;16356.07;13349.81
sf_1599889-PPT.jpg;29477.18;18556.89;16342.26;13362.94
sf_1599890-PPT.jpg;30165.56;18765.56;15422.38;12856.67
sf_1599891-PPT.jpg;31335.03;30719.71;13370.54;12967.64
sf_1599892-PPT.jpg;21798.14;21229.16;13200.34;16552.23
sf_1599893-PPT.jpg;17632.42;5381.59;2830.03;2308.27
sf_1599894-PPT.jpg;1141.46;1998.9;2114.45;2581.61
sf_1599998-PPT.jpg;16568.27;21884.37;21698.38;12541.31
sf_1599999-PPT.jpg;16568.46;21871.43;21684.17;12553.93
sf_1600000-PPT.jpg;34369.35;21625.41;14422.46;14561.04
sf_1600001-PPT.jpg;8759.4;3222.97;10126.7;18029.8
sf_1600003-PPT.jpg;28882.68;26326.7;10334.41;23071.87
sf_1600004-PPT.jpg;1277.26;4119.94;22301.07;20035.97
sf_1600005-PPT.jpg;2510.74;2175.55;31222.15;26156.0
sf_1600006-PPT.jpg;28882.94;26339.71;10320.43;23043.51
sf_1600007-PPT.jpg;23657.07;35418.09;24063.27;13097.55
sf_1600008-PPT.jpg;8067.04;8738.9;4895.99;4260.33
sf_1600009-PPT.jpg;20090.55;12895.27;9314.54;11998.6
sf_1600010-PPT.jpg;22028.92;13371.22;24457.17;31889.2
sf_1600011-PPT.jpg;17332.86;14862.0;10761.17;6256.62
sf_1600099-PPT.jpg;41458.78;29964.32;20415.77;21861.87
sf_1600101-PPT.jpg;34221.9;23872.41;25671.09;30512.83
sf_1600102-PPT.jpg;21758.11;14474.11;13225.28;10983.57
sf_1600133-PPT.jpg;10340.16;1651.98;9027.61;8032.55
sf_1600134-PPT.jpg;11453.17;8447.61;7564.86;8047.2
sf_1600135-PPT.jpg;18856.25;22326.37;12899.54;11138.37
sf_1673034-PPT.jpg;8803.9;15500.88;15494.69;7486.25
sf_1858071-PPT.jpg;7669.5;7155.73;15256.15;8938.11
sf_1858074-PPT.jpg;10977.41;7137.75;5576.09;24256.65
sf_4387058-PPT.jpg;20675.54;3779.22;5888.21;2645.21
sf_5110009-PPT.jpg;2557.11;4933.72;13086.61;14315.41
sf_5360472-PPT.jpg;8554.16;2025.96;8234.91;5207.75
sf_5361210-PPT.jpg;7452.24;10730.15;10356.71;6756.31
sf_5367921-PPT.jpg;16951.69;13469.32;9938.77;10235.4
sf_5367922-PPT.jpg;18911.4;14943.26;10002.59;10040.44
sf_5367923-PPT.jpg;20255.06;15914.64;13981.99;12220.64
sf_5367924-PPT.jpg;17211.88;11668.31;9905.56;9729.2
sf_5438976-PPT.jpg;11474.04;8736.75;12736.45;12695.8
sf_5438977-PPT.jpg;13128.15;15005.18;7842.0;8659.16
sf_5438978-PPT.jpg;12755.14;9786.6;6652.53;6862.08
sf_5507023-PPT.jpg;31262.32;24057.14;31921.75;33878.73
sf_5507028-PPT.jpg;7427.86;18689.02;11212.96;15595.92
