Imagem;Q1;Q2;Q3;Q4;
hz_1224099-PPT.jpg;91.92;100.28;502.53;240.86
hz_1234055-PPT.jpg;69.37;86.84;327.39;271.27
hz_1234223-PPT.jpg;113.57;180.06;380.99;277.12
hz_1235128-PPT.jpg;155.43;158.35;281.1;364.22
hz_1235134-PPT.jpg;39.69;72.95;316.18;185.73
hz_1235167-PPT.jpg;100.23;309.97;553.68;709.29
hz_1236191-PPT.jpg;481.7;541.5;894.11;839.96
hz_1242061-PPT.jpg;372.93;37.77;330.11;790.49
hz_1327005-PPT.jpg;99.34;336.41;666.6;629.39
hz_1327006-PPT.jpg;30.78;611.14;1031.1;1211.02
hz_1327007-PPT.jpg;29.67;562.32;897.1;1021.24
hz_1327010-PPT.jpg;213.29;332.35;899.51;1054.31
hz_1432033-PPT.jpg;74.43;147.02;209.9;247.76
hz_1435039-PPT.jpg;163.68;324.96;568.8;527.52
hz_1435044-PPT.jpg;172.7;286.83;673.02;803.43
hz_1435166-PPT.jpg;281.69;657.16;926.03;1112.68
hz_1472066-PPT.jpg;185.74;195.97;454.3;373.98
hz_1472071-PPT.jpg;143.73;314.48;636.81;794.1
hz_1472072-PPT.jpg;237.97;155.17;431.42;630.3
hz_1599057-PPT.jpg;66.05;146.14;325.44;170.89
hz_1599059-PPT.jpg;47.09;102.85;248.93;252.9
hz_1599060-PPT.jpg;128.57;128.06;396.05;267.46
hz_1599434-PPT.jpg;55.75;61.38;175.95;285.74
hz_1599436-PPT.jpg;47.41;68.37;267.71;243.24
hz_1599438-PPT.jpg;71.5;61.01;329.36;176.45
hz_1599880-PPT.jpg;173.88;400.23;531.04;523.46
hz_1599958-PPT.jpg;234.48;143.26;346.81;850.31
hz_1599992-PPT.jpg;164.47;184.83;302.49;496.87
hz_1599995-PPT.jpg;102.37;316.73;548.25;291.43
hz_1599996-PPT.jpg;163.28;340.99;490.27;669.85
hz_1599997-PPT.jpg;180.31;205.64;405.78;550.88
hz_1600092-PPT.jpg;254.71;447.61;817.44;704.93
hz_1600093-PPT.jpg;481.88;614.63;800.88;870.61
hz_5360671-PPT.jpg;108.7;78.08;361.58;523.47
hz_5360672-PPT.jpg;276.81;280.31;585.86;798.21
hz_5361215-PPT.jpg;163.94;197.33;405.63;412.56
hz_5506206-PPT.jpg;251.73;220.59;416.95;311.6
hz_5506207-PPT.jpg;259.85;158.05;318.44;372.6
hz_5511469-PPT.jpg;91.98;154.55;411.44;340.45
hz_5520223-PPT.jpg;160.8;159.0;378.46;680.41
hz_imagem_64.jpg;62.74;250.24;148.36;352.52
hz_imagem_68.jpg;180.0;321.5;323.59;427.42
sf_1235063-PPT.jpg;254.51;45.14;251.45;227.13
sf_1235064-PPT.jpg;320.49;145.72;300.72;224.67
sf_1235135-PPT.jpg;210.48;252.06;451.37;505.68
sf_1320022-PPT.jpg;197.9;604.6;814.37;584.12
sf_1327032-PPT.jpg;49.95;60.12;447.63;385.16
sf_1327071-PPT.jpg;72.94;335.89;428.45;366.94
sf_1327072-PPT.jpg;150.48;178.88;298.17;422.91
sf_1327073-PPT.jpg;230.48;346.57;962.22;625.28
sf_1435040-PPT.jpg;258.21;391.81;437.04;788.51
sf_1435163-PPT.jpg;45.49;238.57;276.64;286.7
sf_1481171-PPT.jpg;143.47;497.28;685.65;507.48
sf_1599072-PPT.jpg;51.06;244.62;280.01;331.54
sf_1599073-PPT.jpg;88.48;234.97;444.64;241.84
sf_1599417-PPT.jpg;139.89;243.58;775.08;524.21
sf_1599419-PPT.jpg;90.04;215.99;346.31;335.93
sf_1599420-PPT.jpg;60.47;120.42;355.67;181.85
sf_1599888-PPT.jpg;17.81;149.15;309.68;130.46
sf_1599889-PPT.jpg;17.79;151.17;312.34;140.29
sf_1599890-PPT.jpg;28.36;260.61;369.7;229.82
sf_1599891-PPT.jpg;62.1;206.88;290.0;253.82
sf_1599892-PPT.jpg;135.13;131.28;341.74;310.23
sf_1599893-PPT.jpg;304.69;458.58;910.87;1067.28
sf_1599894-PPT.jpg;108.65;486.14;847.58;1233.87
sf_1599998-PPT.jpg;67.84;338.01;411.47;312.37
sf_1599999-PPT.jpg;67.74;334.38;406.91;307.1
sf_1600000-PPT.jpg;155.62;150.63;513.06;489.14
sf_1600001-PPT.jpg;187.44;495.07;608.86;472.77
sf_1600003-PPT.jpg;173.04;198.26;422.67;269.37
sf_1600004-PPT.jpg;13.38;143.84;488.81;429.46
sf_1600005-PPT.jpg;83.0;246.06;487.08;434.83
sf_1600006-PPT.jpg;173.08;196.16;419.2;275.85
sf_1600007-PPT.jpg;122.25;215.98;596.98;466.66
sf_1600008-PPT.jpg;202.1;238.6;548.57;591.31
sf_1600009-PPT.jpg;184.74;135.73;494.82;598.87
sf_1600010-PPT.jpg;180.17;453.07;631.55;799.05
sf_1600011-PPT.jpg;34.08;106.45;288.53;152.97
sf_1600099-PPT.jpg;164.7;202.44;546.06;524.99
sf_1600101-PPT.jpg;179.77;107.26;422.23;753.92
sf_1600102-PPT.jpg;108.92;210.0;347.62;283.17
sf_1600133-PPT.jpg;285.85;304.51;615.37;666.96
sf_1600134-PPT.jpg;49.8;224.64;210.67;287.2
sf_1600135-PPT.jpg;50.41;76.08;360.72;295.48
sf_1673034-PPT.jpg;47.34;363.99;435.54;406.67
sf_1858071-PPT.jpg;97.01;128.56;532.5;695.82
sf_1858074-PPT.jpg;100.28;123.54;597.77;786.19
sf_4387058-PPT.jpg;291.44;296.53;670.99;962.81
sf_5110009-PPT.jpg;128.69;515.49;461.29;742.93
sf_5360472-PPT.jpg;156.7;438.6;500.26;964.62
sf_5361210-PPT.jpg;167.6;240.47;444.01;867.04
sf_5367921-PPT.jpg;24.29;47.37;222.1;188.84
sf_5367922-PPT.jpg;81.45;109.92;234.33;206.5
sf_5367923-PPT.jpg;48.78;55.23;202.36;140.86
sf_5367924-PPT.jpg;82.82;68.91;217.6;131.84
sf_5438976-PPT.jpg;19.3;79.94;207.96;85.56
sf_5438977-PPT.jpg;46.7;80.39;211.04;134.34
sf_5438978-PPT.jpg;72.74;28.3;217.36;138.39
sf_5507023-PPT.jpg;163.58;216.04;452.33;595.5
sf_5507028-PPT.jpg;179.44;231.89;1209.11;1215.96
