Imagem;Q1;Q2;Q3;Q4;
hz_1224099-PPT.jpg;13526.3;4568.14;4402.0;5040.58
hz_1234055-PPT.jpg;20958.34;15715.58;18997.68;18097.4
hz_1234223-PPT.jpg;34490.63;22439.22;9896.99;12879.98
hz_1235128-PPT.jpg;18193.83;4679.14;13055.0;19279.31
hz_1235134-PPT.jpg;29845.84;27747.72;12775.32;12176.47
hz_1235167-PPT.jpg;7176.9;7600.34;31013.93;11017.89
hz_1236191-PPT.jpg;20746.58;25132.82;14055.98;11563.58
hz_1242061-PPT.jpg;8188.48;6132.09;6867.01;7662.36
hz_1327005-PPT.jpg;793.89;31665.77;12672.92;10584.68
hz_1327006-PPT.jpg;1890.45;3231.23;10764.57;9706.29
hz_1327007-PPT.jpg;666.65;2272.01;7957.91;6773.85
hz_1327010-PPT.jpg;38479.66;22725.12;28316.7;41364.15
hz_1432033-PPT.jpg;12357.62;11005.11;8312.05;4969.25
hz_1435039-PPT.jpg;34596.78;21904.58;11601.37;15240.5
hz_1435044-PPT.jpg;16982.79;10702.62;19381.31;20729.7
hz_1435166-PPT.jpg;11749.87;23739.76;12579.71;11020.28
hz_1472066-PPT.jpg;26614.06;22520.57;27438.99;19289.17
hz_1472071-PPT.jpg;37198.89;30920.63;27387.05;34896.63
hz_1472072-PPT.jpg;17852.3;25239.98;15722.96;29511.75
hz_1599057-PPT.jpg;24947.23;19282.94;15108.39;12074.62
hz_1599059-PPT.jpg;14550.46;8969.69;7489.36;6273.2
hz_1599060-PPT.jpg;11275.33;13217.74;7945.22;8552.95
hz_1599434-PPT.jpg;15077.16;13532.08;8906.5;7987.13
hz_1599436-PPT.jpg;12723.67;12486.53;6601.31;11122.54
hz_1599438-PPT.jpg;11498.4;16688.94;15545.54;13642.22
hz_1599880-PPT.jpg;4947.56;6872.11;8789.79;12956.32
hz_1599958-PPT.jpg;9261.29;21045.14;14159.05;7927.8
hz_1599992-PPT.jpg;21353.86;26602.41;15713.67;27317.73
hz_1599995-PPT.jpg;2085.73;8927.66;9380.46;9288.3
hz_1599996-PPT.jpg;19920.66;8172.36;7574.3;4697.44
hz_1599997-PPT.jpg;17981.09;11997.35;12252.47;16591.03
hz_1600092-PPT.jpg;16151.32;20103.22;21438.02;13170.58
hz_1600093-PPT.jpg;12764.13;13238.62;12232.59;17751.46
hz_5360671-PPT.jpg;15685.12;7267.71;4619.22;4226.63
hz_5360672-PPT.jpg;12039.71;11692.48;26938.9;7388.83
hz_5361215-PPT.jpg;23125.03;28065.17;22390.28;9086.71
hz_5506206-PPT.jpg;14138.9;4063.58;10340.37;13014.06
hz_5506207-PPT.jpg;9886.12;13109.62;4771.68;15750.62
hz_5511469-PPT.jpg;31759.72;19160.6;10601.44;14646.72
hz_5520223-PPT.jpg;31078.0;9401.7;5014.34;12160.85
hz_imagem_64.jpg;36788.23;25945.99;10441.29;10694.75
hz_imagem_68.jpg;14673.81;11071.38;19554.48;16678.57
sf_1235063-PPT.jpg;17008.6;18644.81;12172.62;12813.04
sf_1235064-PPT.jpg;18728.05;13211.53;12054.43;11509.86
sf_1235135-PPT.jpg;21302.15;15158.75;15426.63;20858.87
sf_1320022-PPT.jpg;9161.54;11918.08;10249.75;10817.69
sf_1327032-PPT.jpg;29937.57;18367.37;13840.78;16973.95
sf_1327071-PPT.jpg;3357.81;1452.22;4910.29;4384.4
sf_1327072-PPT.jpg;22708.11;12795.35;5924.72;5594.69
sf_1327073-PPT.jpg;12845.93;18696.89;14686.04;16526.35
sf_1435040-PPT.jpg;6055.2;3954.39;29716.24;38148.58
sf_1435163-PPT.jpg;10870.79;7390.09;6763.34;8351.38
sf_1481171-PPT.jpg;1993.88;2714.4;6107.16;10701.49
sf_1599072-PPT.jpg;3089.01;6356.94;8598.98;4822.15
sf_1599073-PPT.jpg;13953.58;6366.99;29012.84;9613.51
sf_1599417-PPT.jpg;19850.96;25366.61;33424.24;15534.5
sf_1599419-PPT.jpg;4614.86;13038.59;9221.88;6836.17
sf_1599420-PPT.jpg;15245.16;9009.36;23622.94;9244.97
sf_1599888-PPT.jpg;29834.1;18797.41;16548.65;13461.75
sf_1599889-PPT.jpg;29835.44;18795.88;16541.56;13437.54
sf_1599890-PPT.jpg;30487.21;19077.83;15577.37;12999.2
sf_1599891-PPT.jpg;31847.76;30788.9;13507.06;13252.07
sf_1599892-PPT.jpg;22155.16;21499.51;13639.73;16655.88
sf_1599893-PPT.jpg;17989.54;5512.53;3104.87;2298.93
sf_1599894-PPT.jpg;1291.35;2059.72;2191.01;2596.66
sf_1599998-PPT.jpg;16784.67;22085.78;21853.51;12839.07
sf_1599999-PPT.jpg;16785.82;22060.16;21858.55;12887.69
sf_1600000-PPT.jpg;34387.87;21921.57;15516.19;15268.29
sf_1600001-PPT.jpg;8958.48;3462.08;10441.72;18251.25
sf_1600003-PPT.jpg;29860.99;26458.93;10459.34;23184.48
sf_1600004-PPT.jpg;1319.34;4189.18;22713.59;20258.21
sf_1600005-PPT.jpg;2666.46;2192.23;31413.52;26335.08
sf_1600006-PPT.jpg;29862.03;26467.66;10456.95;23195.37
sf_1600007-PPT.jpg;24286.34;35600.28;24457.48;13399.08
sf_1600008-PPT.jpg;8834.09;8991.57;5143.63;4459.5
sf_1600009-PPT.jpg;20627.21;13117.42;9556.68;12477.66
sf_1600010-PPT.jpg;22409.37;13660.81;24761.95;32037.17
sf_1600011-PPT.jpg;17558.68;14990.21;11023.26;6274.66
sf_1600099-PPT.jpg;41495.37;30291.43;21246.5;22458.87
sf_1600101-PPT.jpg;34966.52;24022.58;25821.1;30751.51
sf_1600102-PPT.jpg;22055.63;14680.96;13408.19;11093.9
sf_1600133-PPT.jpg;10986.63;1771.15;9391.72;8361.16
sf_1600134-PPT.jpg;11691.46;8539.03;7652.94;8122.57
sf_1600135-PPT.jpg;20182.49;22478.28;13334.18;11294.99
sf_1673034-PPT.jpg;8954.06;15656.02;15731.29;7735.28
sf_1858071-PPT.jpg;8163.05;7343.89;15692.45;9091.25
sf_1858074-PPT.jpg;11387.62;7579.92;5710.36;24572.22
sf_4387058-PPT.jpg;21950.5;3984.54;6161.09;2756.61
sf_5110009-PPT.jpg;2824.97;5099.3;13205.99;14546.04
sf_5360472-PPT.jpg;9371.59;2150.99;8305.9;5311.53
sf_5361210-PPT.jpg;7630.75;11035.05;10454.59;6901.5
sf_5367921-PPT.jpg;16977.16;13501.84;10055.43;10331.64
sf_5367922-PPT.jpg;19089.7;15056.71;10082.73;10118.56
sf_5367923-PPT.jpg;20363.96;15973.21;14107.76;12284.64
sf_5367924-PPT.jpg;17496.5;11715.11;9990.92;9774.7
sf_5438976-PPT.jpg;11788.23;8835.99;12846.42;12788.39
sf_5438977-PPT.jpg;13325.18;15133.51;7932.85;8756.45
sf_5438978-PPT.jpg;13055.08;9832.53;6743.95;6930.44
sf_5507023-PPT.jpg;31838.14;24256.9;32155.04;33946.9
sf_5507028-PPT.jpg;8248.77;18823.55;11504.15;15815.13
