Imagem;Q1;Q2;Q3;Q4;
hz_1224099-PPT.jpg;15.58;135.4;400.91;419.87
hz_1234055-PPT.jpg;9.23;131.45;306.2;376.29
hz_1234223-PPT.jpg;25.06;167.55;339.33;382.31
hz_1235128-PPT.jpg;29.49;170.01;314.59;479.19
hz_1235134-PPT.jpg;7.72;143.4;308.35;322.2
hz_1235167-PPT.jpg;20.63;164.41;498.11;604.73
hz_1236191-PPT.jpg;54.58;269.27;548.95;661.09
hz_1242061-PPT.jpg;42.47;124.72;300.41;644.42
hz_1327005-PPT.jpg;28.96;290.51;424.3;545.32
hz_1327006-PPT.jpg;4.75;538.39;871.71;1071.75
hz_1327007-PPT.jpg;5.56;525.24;814.66;954.21
hz_1327010-PPT.jpg;27.23;174.64;608.63;1125.82
hz_1432033-PPT.jpg;9.37;142.41;256.67;405.86
hz_1435039-PPT.jpg;29.86;205.38;421.04;566.77
hz_1435044-PPT.jpg;44.49;247.78;416.64;774.86
hz_1435166-PPT.jpg;48.43;270.9;483.28;1055.46
hz_1472066-PPT.jpg;46.98;185.63;409.88;480.1
hz_1472071-PPT.jpg;24.06;207.97;485.08;871.99
hz_1472072-PPT.jpg;62.3;153.24;356.21;724.48
hz_1599057-PPT.jpg;14.77;147.29;287.59;333.98
hz_1599059-PPT.jpg;5.7;129.78;287.71;385.85
hz_1599060-PPT.jpg;19.27;138.22;383.11;371.48
hz_1599434-PPT.jpg;9.15;136.95;259.89;417.68
hz_1599436-PPT.jpg;8.08;125.34;305.31;377.43
hz_1599438-PPT.jpg;9.81;133.21;296.33;328.76
hz_1599880-PPT.jpg;41.36;204.9;401.67;516.95
hz_1599958-PPT.jpg;50.97;142.73;306.05;933.38
hz_1599992-PPT.jpg;43.27;191.91;331.54;635.11
hz_1599995-PPT.jpg;18.57;236.62;464.34;406.11
hz_1599996-PPT.jpg;31.85;201.8;401.84;703.73
hz_1599997-PPT.jpg;29.09;150.66;326.11;507.03
hz_1600092-PPT.jpg;44.49;308.3;486.82;583.14
hz_1600093-PPT.jpg;64.41;328.45;502.36;681.31
hz_5360671-PPT.jpg;18.0;142.02;385.18;636.27
hz_5360672-PPT.jpg;47.82;230.63;461.0;807.75
hz_5361215-PPT.jpg;31.88;182.33;362.08;476.06
hz_5506206-PPT.jpg;34.32;197.38;347.74;382.67
hz_5506207-PPT.jpg;35.9;154.16;347.26;468.94
hz_5511469-PPT.jpg;17.76;150.36;377.55;419.08
hz_5520223-PPT.jpg;30.89;144.7;373.41;626.64
hz_imagem_64.jpg;7.94;216.57;250.79;457.28
hz_imagem_68.jpg;14.7;143.92;299.93;433.05
sf_1235063-PPT.jpg;31.4;128.46;280.42;340.85
sf_1235064-PPT.jpg;19.94;137.86;284.96;337.1
sf_1235135-PPT.jpg;56.96;216.55;396.38;591.9
sf_1320022-PPT.jpg;54.71;334.51;368.3;528.08
sf_1327032-PPT.jpg;5.91;126.76;302.24;397.85
sf_1327071-PPT.jpg;11.42;359.67;367.85;461.19
sf_1327072-PPT.jpg;19.1;144.65;307.59;513.21
sf_1327073-PPT.jpg;60.9;226.49;811.44;605.86
sf_1435040-PPT.jpg;65.85;278.06;385.7;925.82
sf_1435163-PPT.jpg;12.0;150.38;278.98;384.59
sf_1481171-PPT.jpg;35.45;455.54;547.88;551.92
sf_1599072-PPT.jpg;9.75;217.8;287.53;484.92
sf_1599073-PPT.jpg;17.95;195.71;427.4;376.71
sf_1599417-PPT.jpg;20.13;240.36;695.98;580.24
sf_1599419-PPT.jpg;15.31;163.07;359.02;493.43
sf_1599420-PPT.jpg;14.76;145.21;347.52;341.6
sf_1599888-PPT.jpg;2.83;142.87;278.7;305.22
sf_1599889-PPT.jpg;2.82;140.47;280.53;303.61
sf_1599890-PPT.jpg;4.76;155.9;303.59;338.07
sf_1599891-PPT.jpg;9.41;177.24;290.5;376.13
sf_1599892-PPT.jpg;14.69;150.91;303.48;412.86
sf_1599893-PPT.jpg;42.95;306.2;898.44;1177.94
sf_1599894-PPT.jpg;19.39;388.81;833.65;1268.3
sf_1599998-PPT.jpg;19.79;188.68;334.03;417.7
sf_1599999-PPT.jpg;19.76;188.45;334.39;417.19
sf_1600000-PPT.jpg;12.31;164.41;396.92;527.81
sf_1600001-PPT.jpg;24.87;290.83;516.18;528.76
sf_1600003-PPT.jpg;26.74;172.85;320.8;440.38
sf_1600004-PPT.jpg;4.18;150.09;398.41;518.49
sf_1600005-PPT.jpg;17.25;249.36;465.58;560.09
sf_1600006-PPT.jpg;26.92;164.51;329.54;433.81
sf_1600007-PPT.jpg;21.97;223.26;510.82;576.35
sf_1600008-PPT.jpg;25.38;181.32;480.89;659.6
sf_1600009-PPT.jpg;34.5;144.25;446.79;672.69
sf_1600010-PPT.jpg;28.16;243.61;562.28;826.05
sf_1600011-PPT.jpg;8.13;139.94;281.78;344.9
sf_1600099-PPT.jpg;27.64;207.95;423.15;599.6
sf_1600101-PPT.jpg;28.28;146.54;448.01;819.56
sf_1600102-PPT.jpg;12.47;141.91;288.7;371.33
sf_1600133-PPT.jpg;35.23;328.24;430.34;597.69
sf_1600134-PPT.jpg;9.24;148.93;281.41;369.13
sf_1600135-PPT.jpg;16.13;134.42;316.88;407.47
sf_1673034-PPT.jpg;11.69;176.69;331.18;499.49
sf_1858071-PPT.jpg;14.26;146.07;523.25;701.72
sf_1858074-PPT.jpg;18.08;157.85;596.08;826.22
sf_4387058-PPT.jpg;68.88;239.03;669.74;1038.98
sf_5110009-PPT.jpg;33.1;396.55;388.66;761.77
sf_5360472-PPT.jpg;18.92;451.67;441.93;993.35
sf_5361210-PPT.jpg;28.22;248.87;391.69;843.59
sf_5367921-PPT.jpg;2.46;127.9;272.47;321.28
sf_5367922-PPT.jpg;12.13;138.94;268.28;339.08
sf_5367923-PPT.jpg;7.27;126.05;253.3;318.22
sf_5367924-PPT.jpg;12.49;131.06;260.99;308.53
sf_5438976-PPT.jpg;5.67;133.42;258.26;296.88
sf_5438977-PPT.jpg;6.54;133.44;262.46;323.81
sf_5438978-PPT.jpg;11.94;125.41;274.5;335.72
sf_5507023-PPT.jpg;22.4;157.13;457.3;763.51
sf_5507028-PPT.jpg;40.49;183.52;1082.26;1224.72
