Imagem;Q1;Q2;Q3;Q4;
hz_1224099-PPT.jpg;136.57;125.05;594.43;231.14
hz_1234055-PPT.jpg;93.7;107.42;359.5;294.91
hz_1234223-PPT.jpg;157.9;230.46;438.73;306.74
hz_1235128-PPT.jpg;212.8;179.64;313.88;381.85
hz_1235134-PPT.jpg;59.15;78.72;357.13;215.18
hz_1235167-PPT.jpg;125.93;382.29;615.56;786.98
hz_1236191-PPT.jpg;708.3;734.97;1160.4;984.47
hz_1242061-PPT.jpg;585.18;37.6;384.94;1051.4
hz_1327005-PPT.jpg;135.24;403.27;831.97;717.9
hz_1327006-PPT.jpg;55.1;720.07;1123.87;1331.62
hz_1327007-PPT.jpg;41.52;618.57;955.53;1061.7
hz_1327010-PPT.jpg;288.08;429.38;1042.77;1052.64
hz_1432033-PPT.jpg;111.34;206.1;252.37;272.76
hz_1435039-PPT.jpg;231.99;436.26;685.64;585.41
hz_1435044-PPT.jpg;241.82;374.76;821.59;874.09
hz_1435166-PPT.jpg;419.94;891.98;1151.64;1214.73
hz_1472066-PPT.jpg;260.68;261.25;512.72;434.29
hz_1472071-PPT.jpg;193.51;392.99;749.78;819.3
hz_1472072-PPT.jpg;348.05;194.22;501.43;649.34
hz_1599057-PPT.jpg;94.84;207.87;378.99;210.74
hz_1599059-PPT.jpg;74.51;149.74;298.43;291.62
hz_1599060-PPT.jpg;188.89;172.43;449.95;329.03
hz_1599434-PPT.jpg;82.67;78.42;202.1;332.27
hz_1599436-PPT.jpg;69.63;90.84;317.38;272.29
hz_1599438-PPT.jpg;100.26;67.96;391.52;207.99
hz_1599880-PPT.jpg;223.83;486.07;617.62;609.83
hz_1599958-PPT.jpg;330.24;183.29;434.25;881.26
hz_1599992-PPT.jpg;260.24;250.0;353.05;513.39
hz_1599995-PPT.jpg;147.48;481.82;697.06;350.13
hz_1599996-PPT.jpg;237.5;475.71;596.67;730.91
hz_1599997-PPT.jpg;260.74;267.28;494.32;653.65
hz_1600092-PPT.jpg;351.03;566.16;1037.22;894.7
hz_1600093-PPT.jpg;744.1;838.62;1015.45;1057.08
hz_5360671-PPT.jpg;155.6;86.96;406.98;528.02
hz_5360672-PPT.jpg;406.71;340.22;669.32;883.01
hz_5361215-PPT.jpg;216.13;221.39;458.37;484.11
hz_5506206-PPT.jpg;340.52;255.88;491.77;408.57
hz_5506207-PPT.jpg;370.04;218.83;361.97;394.71
hz_5511469-PPT.jpg;155.18;204.08;484.15;393.63
hz_5520223-PPT.jpg;213.55;213.79;410.4;762.72
hz_imagem_64.jpg;106.84;310.61;173.98;373.81
hz_imagem_68.jpg;261.09;416.34;390.44;471.49
sf_1235063-PPT.jpg;346.17;48.92;298.64;274.48
sf_1235064-PPT.jpg;492.56;253.35;389.78;280.01
sf_1235135-PPT.jpg;286.2;309.0;533.94;547.51
sf_1320022-PPT.jpg;268.77;705.27;941.23;745.15
sf_1327032-PPT.jpg;77.76;89.97;561.44;420.97
sf_1327071-PPT.jpg;106.24;354.81;488.94;392.36
sf_1327072-PPT.jpg;203.8;226.8;349.98;450.9
sf_1327073-PPT.jpg;327.06;456.42;1072.85;720.57
sf_1435040-PPT.jpg;345.95;459.3;461.71;786.29
sf_1435163-PPT.jpg;61.37;328.76;288.11;332.52
sf_1481171-PPT.jpg;206.21;568.16;782.85;569.17
sf_1599072-PPT.jpg;84.42;297.11;323.76;356.29
sf_1599073-PPT.jpg;123.31;298.88;474.42;270.25
sf_1599417-PPT.jpg;203.73;298.2;819.47;602.06
sf_1599419-PPT.jpg;137.69;312.25;405.73;351.6
sf_1599420-PPT.jpg;83.59;149.76;406.91;199.3
sf_1599888-PPT.jpg;28.07;176.09;350.06;139.38
sf_1599889-PPT.jpg;27.99;176.6;350.09;141.13
sf_1599890-PPT.jpg;42.28;314.1;436.21;241.25
sf_1599891-PPT.jpg;86.69;261.45;376.55;282.54
sf_1599892-PPT.jpg;214.34;183.85;461.22;365.34
sf_1599893-PPT.jpg;365.51;530.86;955.75;1072.82
sf_1599894-PPT.jpg;138.54;513.47;891.36;1224.72
sf_1599998-PPT.jpg;94.12;402.56;477.75;342.43
sf_1599999-PPT.jpg;94.09;404.31;481.17;338.98
sf_1600000-PPT.jpg;267.29;182.99;649.53;591.78
sf_1600001-PPT.jpg;295.58;688.51;714.34;563.87
sf_1600003-PPT.jpg;225.52;231.59;494.13;277.64
sf_1600004-PPT.jpg;17.08;187.87;538.83;494.53
sf_1600005-PPT.jpg;105.76;259.96;535.15;462.35
sf_1600006-PPT.jpg;225.6;226.58;497.23;269.17
sf_1600007-PPT.jpg;174.01;248.46;716.37;513.21
sf_1600008-PPT.jpg;328.14;343.62;647.08;679.24
sf_1600009-PPT.jpg;263.53;171.62;558.77;647.15
sf_1600010-PPT.jpg;263.39;633.03;734.98;863.04
sf_1600011-PPT.jpg;44.41;142.1;348.25;166.98
sf_1600099-PPT.jpg;257.79;232.3;655.55;629.31
sf_1600101-PPT.jpg;263.26;129.88;436.18;844.43
sf_1600102-PPT.jpg;159.42;281.6;447.82;320.86
sf_1600133-PPT.jpg;436.01;326.24;770.77;792.5
sf_1600134-PPT.jpg;61.75;300.71;235.45;338.0
sf_1600135-PPT.jpg;69.5;87.28;480.93;358.57
sf_1673034-PPT.jpg;67.11;438.64;517.63;412.29
sf_1858071-PPT.jpg;145.59;170.57;583.48;742.88
sf_1858074-PPT.jpg;144.63;149.81;649.13;847.34
sf_4387058-PPT.jpg;433.92;380.61;719.59;984.74
sf_5110009-PPT.jpg;168.84;587.72;549.38;822.53
sf_5360472-PPT.jpg;211.81;477.59;565.06;1017.46
sf_5361210-PPT.jpg;231.89;282.24;526.8;954.4
sf_5367921-PPT.jpg;31.11;49.35;253.13;206.01
sf_5367922-PPT.jpg;103.83;134.77;271.88;220.35
sf_5367923-PPT.jpg;62.08;70.51;237.41;150.28
sf_5367924-PPT.jpg;109.81;86.04;251.59;137.0
sf_5438976-PPT.jpg;28.27;115.31;237.47;75.27
sf_5438977-PPT.jpg;82.75;107.85;256.86;168.2
sf_5438978-PPT.jpg;89.2;27.16;244.02;134.32
sf_5507023-PPT.jpg;252.63;300.93;496.55;629.32
sf_5507028-PPT.jpg;293.86;290.21;1311.36;1291.59
