Imagem;Q1;Q2;Q3;Q4;
hz_1224099-PPT.jpg;31.9;83.19;356.2;289.93
hz_1234055-PPT.jpg;22.18;84.27;251.43;270.84
hz_1234223-PPT.jpg;49.67;128.29;287.9;264.22
hz_1235128-PPT.jpg;66.86;137.94;244.69;362.62
hz_1235134-PPT.jpg;15.53;87.32;259.51;209.91
hz_1235167-PPT.jpg;43.85;165.65;463.32;550.38
hz_1236191-PPT.jpg;135.38;286.64;576.39;622.09
hz_1242061-PPT.jpg;117.91;61.37;242.5;589.07
hz_1327005-PPT.jpg;51.59;280.92;443.69;491.28
hz_1327006-PPT.jpg;9.39;534.82;895.27;1058.37
hz_1327007-PPT.jpg;11.19;514.58;822.26;908.65
hz_1327010-PPT.jpg;69.64;178.2;666.75;1041.61
hz_1432033-PPT.jpg;23.61;96.53;195.72;279.21
hz_1435039-PPT.jpg;60.06;182.12;427.31;474.17
hz_1435044-PPT.jpg;78.08;222.74;443.32;703.44
hz_1435166-PPT.jpg;95.11;331.03;544.87;1016.75
hz_1472066-PPT.jpg;83.48;153.01;380.86;372.15
hz_1472071-PPT.jpg;55.15;198.29;480.44;783.5
hz_1472072-PPT.jpg;111.51;120.64;335.53;631.68
hz_1599057-PPT.jpg;27.61;106.09;243.06;205.28
hz_1599059-PPT.jpg;13.72;81.22;227.86;263.71
hz_1599060-PPT.jpg;39.68;90.04;332.18;248.72
hz_1599434-PPT.jpg;17.75;76.08;184.63;299.06
hz_1599436-PPT.jpg;17.45;65.57;245.24;257.77
hz_1599438-PPT.jpg;21.77;73.18;248.08;200.03
hz_1599880-PPT.jpg;81.17;231.46;411.28;450.05
hz_1599958-PPT.jpg;95.38;100.65;262.46;844.73
hz_1599992-PPT.jpg;73.5;150.87;275.43;524.78
hz_1599995-PPT.jpg;36.68;218.63;447.16;290.08
hz_1599996-PPT.jpg;64.53;197.0;376.27;615.66
hz_1599997-PPT.jpg;63.17;122.33;294.22;431.55
hz_1600092-PPT.jpg;90.32;308.03;531.06;544.03
hz_1600093-PPT.jpg;163.41;358.88;530.57;643.75
hz_5360671-PPT.jpg;38.18;85.19;335.59;527.61
hz_5360672-PPT.jpg;103.52;209.12;448.85;737.24
hz_5361215-PPT.jpg;64.93;147.08;331.1;374.75
hz_5506206-PPT.jpg;82.49;170.34;328.04;281.15
hz_5506207-PPT.jpg;74.15;114.12;292.54;358.26
hz_5511469-PPT.jpg;33.77;108.39;334.71;307.54
hz_5520223-PPT.jpg;63.38;105.59;331.93;553.55
hz_imagem_64.jpg;14.56;190.38;154.65;352.78
hz_imagem_68.jpg;54.84;141.15;249.53;358.78
sf_1235063-PPT.jpg;93.08;68.65;206.83;227.57
sf_1235064-PPT.jpg;69.61;85.11;216.16;215.75
sf_1235135-PPT.jpg;98.68;198.51;361.81;498.89
sf_1320022-PPT.jpg;93.87;357.04;384.14;466.34
sf_1327032-PPT.jpg;15.06;66.05;287.08;306.71
sf_1327071-PPT.jpg;25.3;330.19;353.51;353.9
sf_1327072-PPT.jpg;51.41;114.39;259.58;406.59
sf_1327073-PPT.jpg;102.34;230.01;819.13;537.85
sf_1435040-PPT.jpg;121.55;279.03;373.58;826.63
sf_1435163-PPT.jpg;22.48;141.01;213.08;277.3
sf_1481171-PPT.jpg;63.18;442.0;556.68;463.69
sf_1599072-PPT.jpg;17.02;191.84;235.66;364.26
sf_1599073-PPT.jpg;37.16;170.45;398.77;254.53
sf_1599417-PPT.jpg;51.24;205.71;689.75;481.17
sf_1599419-PPT.jpg;29.03;138.21;324.38;371.09
sf_1599420-PPT.jpg;26.73;100.65;311.38;211.77
sf_1599888-PPT.jpg;5.27;102.06;233.68;172.59
sf_1599889-PPT.jpg;5.25;101.36;238.06;173.97
sf_1599890-PPT.jpg;9.18;134.98;266.61;221.9
sf_1599891-PPT.jpg;22.99;150.01;245.53;257.15
sf_1599892-PPT.jpg;39.34;104.26;261.38;296.61
sf_1599893-PPT.jpg;119.12;322.07;886.33;1089.3
sf_1599894-PPT.jpg;46.4;396.55;815.35;1199.84
sf_1599998-PPT.jpg;34.42;192.19;307.6;308.17
sf_1599999-PPT.jpg;34.25;194.29;314.55;302.89
sf_1600000-PPT.jpg;38.8;123.23;376.39;431.84
sf_1600001-PPT.jpg;61.09;299.17;485.85;425.67
sf_1600003-PPT.jpg;68.66;154.3;321.0;310.84
sf_1600004-PPT.jpg;7.01;108.29;375.77;418.37
sf_1600005-PPT.jpg;35.64;225.3;438.81;450.61
sf_1600006-PPT.jpg;68.7;146.83;327.13;308.86
sf_1600007-PPT.jpg;44.94;191.82;493.25;462.51
sf_1600008-PPT.jpg;62.71;158.74;448.3;564.03
sf_1600009-PPT.jpg;72.43;98.49;407.19;576.81
sf_1600010-PPT.jpg;67.15;268.04;551.28;753.85
sf_1600011-PPT.jpg;16.44;85.53;237.91;215.26
sf_1600099-PPT.jpg;63.59;177.35;402.19;500.19
sf_1600101-PPT.jpg;61.17;99.71;389.21;729.1
sf_1600102-PPT.jpg;33.66;112.69;259.35;251.04
sf_1600133-PPT.jpg;81.33;300.32;443.77;514.24
sf_1600134-PPT.jpg;20.71;127.53;218.25;273.73
sf_1600135-PPT.jpg;25.85;80.19;279.22;283.5
sf_1673034-PPT.jpg;21.58;202.94;323.43;392.31
sf_1858071-PPT.jpg;32.8;94.48;487.84;626.74
sf_1858074-PPT.jpg;38.89;112.11;561.63;739.86
sf_4387058-PPT.jpg;124.13;220.49;642.97;962.47
sf_5110009-PPT.jpg;60.27;401.74;383.49;684.9
sf_5360472-PPT.jpg;52.35;425.91;412.28;919.17
sf_5361210-PPT.jpg;71.86;211.52;353.82;767.21
sf_5367921-PPT.jpg;8.51;60.29;210.71;196.28
sf_5367922-PPT.jpg;29.13;88.75;210.34;222.65
sf_5367923-PPT.jpg;20.51;64.62;182.51;182.9
sf_5367924-PPT.jpg;31.19;71.77;193.68;175.66
sf_5438976-PPT.jpg;9.26;77.26;172.01;147.08
sf_5438977-PPT.jpg;14.07;76.43;189.52;181.35
sf_5438978-PPT.jpg;25.42;58.22;186.29;196.48
sf_5507023-PPT.jpg;60.13;134.3;417.64;660.1
sf_5507028-PPT.jpg;69.22;148.04;1088.82;1163.01
