Imagem;Q1;Q2;Q3;Q4;
hz_1224099-PPT.jpg;14914.34;4683.9;4599.74;5089.79
hz_1234055-PPT.jpg;21205.34;15773.25;19153.35;18224.69
hz_1234223-PPT.jpg;34949.92;22675.13;10258.22;13062.75
hz_1235128-PPT.jpg;19405.18;4736.92;13198.07;19535.45
hz_1235134-PPT.jpg;30134.11;27834.0;12999.88;12259.98
hz_1235167-PPT.jpg;7350.46;7934.46;31238.12;11431.33
hz_1236191-PPT.jpg;22387.08;25779.52;14969.97;11855.56
hz_1242061-PPT.jpg;9204.01;6175.98;7000.81;8249.9
hz_1327005-PPT.jpg;1102.44;32003.79;13022.94;10994.02
hz_1327006-PPT.jpg;2152.52;3358.99;11097.35;10188.48
hz_1327007-PPT.jpg;743.19;2385.68;8161.45;6977.32
hz_1327010-PPT.jpg;39060.33;23243.7;29075.41;41470.51
hz_1432033-PPT.jpg;12789.9;11180.34;8413.21;5055.49
hz_1435039-PPT.jpg;35509.82;22462.58;11957.38;15600.51
hz_1435044-PPT.jpg;18069.4;11060.87;19944.9;21004.73
hz_1435166-PPT.jpg;12840.37;24432.06;13214.33;11310.86
hz_1472066-PPT.jpg;27267.51;22691.73;27731.15;19476.35
hz_1472071-PPT.jpg;37732.96;31252.15;27652.88;34997.27
hz_1472072-PPT.jpg;18715.0;25431.74;15968.91;29638.44
hz_1599057-PPT.jpg;25555.93;19573.54;15403.72;12201.25
hz_1599059-PPT.jpg;14922.72;9189.19;7701.61;6386.77
hz_1599060-PPT.jpg;11861.12;13405.43;8207.33;8712.43
hz_1599434-PPT.jpg;15368.45;13660.42;8975.61;8246.61
hz_1599436-PPT.jpg;13378.81;12618.11;6739.79;11242.46
hz_1599438-PPT.jpg;11844.73;16807.95;15758.93;13815.63
hz_1599880-PPT.jpg;5314.88;7123.08;9025.33;13333.51
hz_1599958-PPT.jpg;9872.33;21181.14;14342.0;8011.9
hz_1599992-PPT.jpg;21864.48;27148.94;15911.21;27510.67
hz_1599995-PPT.jpg;2418.68;9905.67;9834.94;9501.67
hz_1599996-PPT.jpg;20732.81;8586.37;7997.71;4940.58
hz_1599997-PPT.jpg;18610.89;12092.18;12452.76;16850.06
hz_1600092-PPT.jpg;17036.34;20793.07;22331.57;13549.83
hz_1600093-PPT.jpg;13741.87;13839.8;12800.64;18617.84
hz_5360671-PPT.jpg;16192.13;7310.01;4703.17;4270.63
hz_5360672-PPT.jpg;12913.59;11994.92;27374.08;7559.91
hz_5361215-PPT.jpg;23873.11;28273.78;22649.53;9263.14
hz_5506206-PPT.jpg;14806.99;4198.2;10484.42;13216.8
hz_5506207-PPT.jpg;10488.71;13275.93;4857.76;15855.32
hz_5511469-PPT.jpg;32462.77;19329.54;11006.2;14804.14
hz_5520223-PPT.jpg;32012.34;9683.91;5087.5;12377.24
hz_imagem_64.jpg;37778.11;26445.79;10636.04;10858.26
hz_imagem_68.jpg;15140.51;11318.79;19744.76;16802.97
sf_1235063-PPT.jpg;17341.88;18722.31;12245.35;12931.21
sf_1235064-PPT.jpg;19622.08;13609.86;12261.02;11724.01
sf_1235135-PPT.jpg;22479.86;15443.14;15735.91;21165.59
sf_1320022-PPT.jpg;9919.74;12325.01;10626.67;11139.51
sf_1327032-PPT.jpg;30754.05;18517.65;14050.19;17252.91
sf_1327071-PPT.jpg;3620.07;1505.31;4989.7;4429.41
sf_1327072-PPT.jpg;23204.03;13023.83;6010.77;5713.51
sf_1327073-PPT.jpg;13940.06;19433.82;14952.12;16842.71
sf_1435040-PPT.jpg;6964.44;4321.31;29817.16;38176.04
sf_1435163-PPT.jpg;11250.82;7561.42;6803.22;8452.76
sf_1481171-PPT.jpg;2390.99;2826.56;6293.33;10885.34
sf_1599072-PPT.jpg;3527.86;6579.01;8783.37;4934.17
sf_1599073-PPT.jpg;14462.54;6628.63;29269.76;9729.67
sf_1599417-PPT.jpg;20448.82;25779.74;33785.29;16074.46
sf_1599419-PPT.jpg;5022.51;13490.8;9362.08;6954.11
sf_1599420-PPT.jpg;15763.27;9174.9;23830.16;9336.49
sf_1599888-PPT.jpg;30133.39;19066.76;16808.93;13541.89
sf_1599889-PPT.jpg;30132.34;19061.87;16800.43;13526.2
sf_1599890-PPT.jpg;30692.83;19408.29;15868.81;13132.03
sf_1599891-PPT.jpg;32393.54;30957.3;13740.28;13522.63
sf_1599892-PPT.jpg;22647.98;21820.16;13945.32;16884.59
sf_1599893-PPT.jpg;18396.05;5725.03;3433.36;2316.05
sf_1599894-PPT.jpg;1547.56;2167.49;2340.3;2625.63
sf_1599998-PPT.jpg;17393.48;22476.94;22053.37;13107.41
sf_1599999-PPT.jpg;17394.23;22455.74;22061.72;13136.22
sf_1600000-PPT.jpg;35072.0;22209.15;16246.62;15652.47
sf_1600001-PPT.jpg;9466.32;3766.82;10772.74;18544.06
sf_1600003-PPT.jpg;30907.61;26651.33;10766.79;23274.18
sf_1600004-PPT.jpg;1355.22;4367.99;23064.32;20437.24
sf_1600005-PPT.jpg;2785.33;2215.84;31603.03;26534.75
sf_1600006-PPT.jpg;30907.43;26655.29;10748.22;23302.64
sf_1600007-PPT.jpg;25005.7;35940.91;24949.86;13643.68
sf_1600008-PPT.jpg;9755.25;9583.98;5562.36;4706.71
sf_1600009-PPT.jpg;21292.37;13376.06;9977.87;12851.81
sf_1600010-PPT.jpg;23134.08;14387.23;25076.01;32286.71
sf_1600011-PPT.jpg;17909.01;15197.38;11157.73;6309.71
sf_1600099-PPT.jpg;42208.54;30613.84;21787.32;22782.43
sf_1600101-PPT.jpg;35369.67;24126.94;25972.9;30864.2
sf_1600102-PPT.jpg;22636.46;14887.19;13616.77;11264.51
sf_1600133-PPT.jpg;12101.3;1853.51;9842.68;8940.85
sf_1600134-PPT.jpg;11894.48;8697.75;7704.32;8239.96
sf_1600135-PPT.jpg;20663.3;22598.06;13823.75;11488.44
sf_1673034-PPT.jpg;9419.43;16014.08;15889.9;7947.91
sf_1858071-PPT.jpg;8753.32;7648.18;16078.37;9356.89
sf_1858074-PPT.jpg;12082.9;7773.18;5892.57;24841.63
sf_4387058-PPT.jpg;22832.44;4264.51;6361.63;2820.57
sf_5110009-PPT.jpg;3094.39;5308.03;13380.57;14737.6
sf_5360472-PPT.jpg;10081.55;2251.27;8452.32;5432.35
sf_5361210-PPT.jpg;8087.28;11144.78;10727.06;7103.35
sf_5367921-PPT.jpg;17029.75;13534.55;10126.94;10363.51
sf_5367922-PPT.jpg;19262.29;15126.46;10168.72;10149.1
sf_5367923-PPT.jpg;20525.79;16032.99;14272.5;12343.0
sf_5367924-PPT.jpg;17789.24;11776.67;10098.81;9827.41
sf_5438976-PPT.jpg;12203.56;8890.22;12999.59;12904.63
sf_5438977-PPT.jpg;13831.4;15468.03;8061.1;8894.89
sf_5438978-PPT.jpg;13468.83;9869.24;6852.92;7027.41
sf_5507023-PPT.jpg;32471.56;24449.82;32361.8;34020.53
sf_5507028-PPT.jpg;8864.99;19074.91;11772.45;15970.61
