Imagem;SNR Ruído Gaussiano;SNR Ruído Spekle;SNR Ruído Sal e Pimenta;SNR Ruído Não Estacionário
hz_1224099-PPT.jpg;1.6152472953180572;1.605863204493383;0.20867357592284524;0.5203582435430297
hz_1233154-PPT.jpg;0.26000171593902177;1.5922573544208398;1.81192503219346;2.472113920105988
hz_1234055-PPT.jpg;3.4733989455071272;2.871492402845913;1.386205997231973;1.316363769845874
hz_1234223-PPT.jpg;0.8789222253689077;1.2691799787971345;2.217014182119943;2.1863813323927674
hz_1235128-PPT.jpg;0.6481219188440112;1.9904487443517607;1.9940281510464444;2.5647792835576726
hz_1235134-PPT.jpg;3.178211609744958;2.876595019376142;1.314821496307297;1.5090439219056684
hz_1235167-PPT.jpg;2.0309608364785454;3.333547510593713;3.1910963809925947;4.636123068603595
hz_1236191-PPT.jpg;3.930405192688574;4.121793664250911;4.296238947237381;5.219414727202672
hz_1242061-PPT.jpg;0.9306744754784186;1.7796311226947312;0.6204215736291245;1.813420997800062
hz_1327005-PPT.jpg;4.5089408789745145;5.576836794637019;4.661583808745313;6.946284261436667
hz_1327006-PPT.jpg;4.2630401641125;7.877255893672814;3.154632301300139;5.881349578737767
hz_1327007-PPT.jpg;2.738252843308287;7.315586660744077;1.6192641488104633;4.582043489118889
hz_1327010-PPT.jpg;1.0400147176192427;0.6868083502322855;0.9241308073890171;1.85887391170338
hz_1432033-PPT.jpg;3.463895635198601;1.095073601697565;1.3279436661919897;0.967245308608734
hz_1435039-PPT.jpg;2.8709484956338627;2.878981276040075;3.4795134251656656;3.795963172503818
hz_1435044-PPT.jpg;3.92745422264831;4.6354500535547984;4.368214968469598;5.81424355643793
hz_1435166-PPT.jpg;5.170396145932371;5.972544635444742;4.897598698478842;7.156081245518039
hz_1472066-PPT.jpg;1.9307275224653222;1.5123232158979014;2.488749664300636;3.233889169140674
hz_1472071-PPT.jpg;0.10059607962791518;1.3910213145125072;0.13796255299615656;0.7773523471055389
hz_1472072-PPT.jpg;1.9345696828338106;1.7180957283783136;2.7812864875210974;3.9584970590930353
hz_1481158-PPT.jpg;3.95678581974807;6.641686102110213;3.542914176123497;5.9943927055473925
hz_1599051-PPT.jpg;0.23573424932604142;0.922962694587043;1.3997514528591957;1.5165446489554082
hz_1599057-PPT.jpg;2.443768835664222;1.7523496384167285;0.5214678505480775;0.5586789938163252
hz_1599059-PPT.jpg;2.976764300081818;0.6161732947737946;0.967960812637074;0.48606931520168434
hz_1599060-PPT.jpg;1.0115291450029518;1.0902622539090436;0.7226184701776619;1.4446787204337301
hz_1599434-PPT.jpg;2.84876825407884;0.9711061359713224;0.7080238713384193;0.2773711754875308
hz_1599436-PPT.jpg;3.0757718831083625;1.1545974878102687;0.8093229566909582;0.39750795954993284
hz_1599438-PPT.jpg;2.9758512237537627;1.8848579575917925;0.7654256596193381;0.4188639639160089
hz_1599744-PPT.jpg;0.3439630372841793;6.003517487186258;1.4581568392215625;1.5617681988399157
hz_1599880-PPT.jpg;0.9703072423384334;3.4554142073415264;1.9904005571645018;3.736773678165676
hz_1599958-PPT.jpg;2.4226358206867498;3.753307265164949;3.4250555933517712;5.125783333954381
hz_1599992-PPT.jpg;0.5884266898892426;0.2974893883885298;1.6917603082548207;2.284604566257549
hz_1599995-PPT.jpg;1.802963838821186;4.487929944753763;2.4684165952761674;4.410614532286269
hz_1599996-PPT.jpg;1.521041433527364;3.783592278047517;2.587593188257955;3.319350270447903
hz_1599997-PPT.jpg;0.303882929442691;0.7658153309072958;1.498845848539023;1.9507212773117848
hz_1600092-PPT.jpg;4.411640950979248;4.631622427019638;4.6102990587189785;5.754802003516069
hz_1600093-PPT.jpg;4.430929872783341;5.437463275324269;4.5363792861783105;6.065095919686251
hz_5360671-PPT.jpg;1.2059849455668243;1.6164230304973852;0.3059026716159442;1.2275456986937505
hz_5360672-PPT.jpg;3.5351806014829594;4.744398204091076;4.075754962113552;5.400763354323734
hz_5361215-PPT.jpg;0.668089185377681;0.8574650503271507;1.9825174471912719;2.249922899075804
hz_5506206-PPT.jpg;0.43682718219342936;2.387573308962241;1.755802946996403;2.3509598255224846
hz_5506207-PPT.jpg;0.41446851944740437;2.417304002983361;2.048526219936174;3.0213673541408834
hz_5511469-PPT.jpg;0.381910014951258;0.7937807630447596;1.835579815573722;1.8581536748184107
hz_5520223-PPT.jpg;1.6507909533251208;3.035358267534427;2.9321352154852938;3.3119238559498427
hz_imagem_64.jpg;1.4091272086326714;1.702503601526881;2.5416466184006934;2.319559962001398
hz_imagem_68.jpg;1.65389735596988;0.6677857638456766;0.29120898962355646;0.6673649662887006
sf_1222015-PPT.jpg;2.043427676992658;5.391594600744152;2.2727897946961333;3.6538082813087316
sf_1235063-PPT.jpg;4.138850818903786;3.1304848169861272;1.776200076324087;1.8356992918589983
sf_1235064-PPT.jpg;2.4407687874447137;1.2357599320825872;0.2327756350490549;0.34267838838081593
sf_1235135-PPT.jpg;3.8419064584426783;4.248984097523677;4.306721679083771;5.277518149049467
sf_1320022-PPT.jpg;3.3312262757429507;5.177670971798172;4.011888258182944;5.6226701608519125
sf_1327032-PPT.jpg;3.1420441325425994;2.7222972526933544;1.2058245994917347;1.3366221457674754
sf_1327071-PPT.jpg;1.7397975484324477;2.89681777148826;1.4124623000759802;0.186436353701723
sf_1327072-PPT.jpg;0.7566654066107377;1.0956977457368184;1.0796179921041187;1.3038337360088315
sf_1327073-PPT.jpg;4.576930026213011;5.430023359670378;4.697661714544367;6.443351283797355
sf_1435040-PPT.jpg;5.347044232982128;5.2240558883251484;5.149657281273266;7.457142480622963
sf_1435163-PPT.jpg;3.720550858844676;1.1408893184697106;1.5814796719679702;1.0421964820037437
sf_1481171-PPT.jpg;2.518400600215002;6.003105463830369;2.3308278613833773;4.378501980202253
sf_1599072-PPT.jpg;1.1149866965991397;2.084772156115435;0.042471974576416244;1.4640409513426484
sf_1599073-PPT.jpg;1.0194440019884186;2.131514974342132;2.3530685628112047;2.842668714093512
sf_1599417-PPT.jpg;1.7227900788599997;1.4465663262387065;2.6510035881050413;3.336229697951847
sf_1599418-PPT.jpg;0.8150314158025518;7.6332244864680785;1.2851263761608245;2.403448715872565
sf_1599419-PPT.jpg;0.9360844181760786;3.5810917036775307;2.0182508820186227;3.8469381858900853
sf_1599420-PPT.jpg;1.119249992002208;0.12523716005797914;0.7310737183077021;0.9705807490364009
sf_1599888-PPT.jpg;4.218544042043347;3.6515201035140263;2.224412085657772;2.4048621057854853
sf_1599889-PPT.jpg;4.143801611203361;3.6885577020248146;2.230998405328706;2.4634262564119505
sf_1599890-PPT.jpg;1.7719962544671917;1.264698142558923;0.06950409742038048;0.1520955581075337
sf_1599891-PPT.jpg;1.415210151867817;1.383935285872354;0.11434320107694068;0.09002497777999269
sf_1599892-PPT.jpg;2.0164965744093233;1.443196401978708;0.11153928607314902;0.028646507260798666
sf_1599893-PPT.jpg;2.9211408443036198;6.52641890095863;2.5936601849989014;4.177246046661328
sf_1599894-PPT.jpg;1.3231580261207077;5.845008992361695;2.9331350682272745;0.33201956742791033
sf_1599998-PPT.jpg;0.5107898664762577;0.09198603804392462;1.0531324857077748;1.5045185649909665
sf_1599999-PPT.jpg;0.49648777528348115;0.050168603135343395;1.0603297421641342;1.4736886923338266
sf_1600000-PPT.jpg;1.6593887521080468;1.5707614835337582;2.5376490113748167;2.834036969420116
sf_1600001-PPT.jpg;3.0733874576994182;4.9991388127557075;3.5734726459981436;4.91838428797526
sf_1600003-PPT.jpg;0.6230709535913982;0.6735062170716642;0.7121864404687259;0.7441604232972017
sf_1600004-PPT.jpg;2.994028386350437;4.671169616985843;3.5548154356323773;5.959728939705061
sf_1600005-PPT.jpg;4.952458375135197;5.722037544548185;4.8748827923461775;7.1932996638847975
sf_1600006-PPT.jpg;0.6593845599921099;0.6571334026348827;0.7293425925722403;0.7095603329649467
sf_1600007-PPT.jpg;2.1677373041780394;1.7127401526463124;2.8453225356738105;3.349226660270333
sf_1600008-PPT.jpg;1.2020511549224384;4.285019055807664;1.8310644101218725;3.4643592181614524
sf_1600009-PPT.jpg;1.481817381871502;2.889496470799251;2.735658976612196;3.436308716512336
sf_1600010-PPT.jpg;3.348326352539104;2.8826208570834972;3.658812473534257;4.923858614942933
sf_1600011-PPT.jpg;3.818473564002727;2.2248446701073727;1.533099445163958;1.470966274042485
sf_1600099-PPT.jpg;1.0253975038829546;0.06983726075369819;1.4542788422169157;1.6082171104844514
sf_1600101-PPT.jpg;0.19493296281723993;1.2135734302831578;0.29436862947720144;1.0646001913003516
sf_1600102-PPT.jpg;1.9615730510540141;0.9467847707163813;0.07735454134415527;0.06818931761027508
sf_1600133-PPT.jpg;2.4818058934447844;5.160556316094112;2.786274268496283;3.9211720399252057
sf_1600134-PPT.jpg;4.221446392648006;1.8873835540386252;1.9057531111352741;1.6349880486495683
sf_1600135-PPT.jpg;1.3189691252222477;0.3888659458014192;0.6170555163605058;0.7959017743846158
sf_1673034-PPT.jpg;0.03173117338235988;1.6004211684608696;1.6792959327153223;2.621936140285861
sf_1673042-PPT.jpg;1.6385927321730864;2.596790930426672;0.6170167209125722;1.1210519483347312
sf_1858071-PPT.jpg;1.4961558629230722;3.686543863683569;2.4452213644708176;4.257714678673484
sf_1858074-PPT.jpg;2.6223454823549535;4.200523006328998;3.4913072881944633;4.970346416983771
sf_4387058-PPT.jpg;4.162930339832554;7.294799336158814;3.3872186581332997;5.039979436180285
sf_5110009-PPT.jpg;3.7589848420424494;6.264784066110573;3.562766744017022;6.001157778679325
sf_5360472-PPT.jpg;1.958261208469196;5.16650702049305;2.1427112623093496;3.462408446054488
sf_5361210-PPT.jpg;1.7077515894217552;4.09805519623508;2.596259195012165;4.310686833935443
sf_5367921-PPT.jpg;7.21800892809833;5.849137230534149;4.502110688764511;4.840242537857258
sf_5367922-PPT.jpg;4.959578338861681;3.718808674085421;2.385712413622719;2.6216816977046484
sf_5367923-PPT.jpg;6.770872471202988;5.7922239849687625;4.3515947523651715;4.511247482297392
sf_5367924-PPT.jpg;6.640209488825706;5.218697204576628;3.9272403865502103;4.193491917571334
sf_5383669-PPT.jpg;3.634685533130993;3.1230091879884343;3.9587030119452207;4.160627068565663
sf_5383670-PPT.jpg;1.8405018240733826;0.016338270715555266;1.5168094972469504;2.5257191368305194
sf_5438976-PPT.jpg;5.772820122697607;4.215660277159311;3.1781558464445188;3.1514347176834727
sf_5438977-PPT.jpg;4.18611406611395;2.370798358942396;1.7374831717133856;1.8075393716068464
sf_5438978-PPT.jpg;6.52148220116602;4.223412766203764;4.107243926231741;3.9112902163891468
sf_5507023-PPT.jpg;1.2133775489207728;2.5004154789679314;0.9793387437980693;0.09019142643080891
sf_5507028-PPT.jpg;5.035746401744172;6.174319830043487;5.014994518266676;7.364786870405483
