Imagem;Q1;Q2;Q3;Q4;
hz_1224099-PPT.jpg;33.1;28.9;22.52;23.47
hz_1234055-PPT.jpg;34.68;28.74;24.01;23.74
hz_1234223-PPT.jpg;31.17;26.9;23.53;23.74
hz_1235128-PPT.jpg;29.89;26.87;24.19;22.53
hz_1235134-PPT.jpg;36.19;29.01;23.96;25.3
hz_1235167-PPT.jpg;31.68;25.92;21.44;20.81
hz_1236191-PPT.jpg;26.81;23.51;20.5;20.09
hz_1242061-PPT.jpg;27.42;30.28;24.25;20.45
hz_1327005-PPT.jpg;31.0;23.84;21.71;21.29
hz_1327006-PPT.jpg;38.4;20.88;18.55;17.92
hz_1327007-PPT.jpg;37.67;21.02;18.98;18.62
hz_1327010-PPT.jpg;29.7;25.65;19.86;17.92
hz_1432033-PPT.jpg;34.41;28.3;25.29;24.02
hz_1435039-PPT.jpg;30.35;25.52;21.84;21.6
hz_1435044-PPT.jpg;29.2;24.67;21.62;19.7
hz_1435166-PPT.jpg;28.35;22.94;20.79;18.07
hz_1472066-PPT.jpg;28.93;26.24;22.18;22.56
hz_1472071-PPT.jpg;30.72;25.14;21.27;19.12
hz_1472072-PPT.jpg;27.67;27.19;22.98;20.13
hz_1599057-PPT.jpg;33.73;27.86;24.39;25.23
hz_1599059-PPT.jpg;36.75;29.01;24.68;23.79
hz_1599060-PPT.jpg;32.14;28.59;22.84;24.14
hz_1599434-PPT.jpg;35.64;29.37;25.4;23.45
hz_1599436-PPT.jpg;35.75;29.88;24.26;24.06
hz_1599438-PPT.jpg;34.75;29.51;24.15;25.12
hz_1599880-PPT.jpg;29.04;24.49;22.01;21.75
hz_1599958-PPT.jpg;28.33;28.02;24.06;18.85
hz_1599992-PPT.jpg;29.48;26.17;23.81;20.97
hz_1599995-PPT.jpg;32.49;24.72;21.64;23.68
hz_1599996-PPT.jpg;30.03;25.3;22.45;20.1
hz_1599997-PPT.jpg;30.12;27.28;23.46;21.7
hz_1600092-PPT.jpg;28.56;23.31;21.06;20.79
hz_1600093-PPT.jpg;26.0;22.57;20.82;19.99
hz_5360671-PPT.jpg;32.31;28.75;23.02;20.81
hz_5360672-PPT.jpg;27.98;24.83;21.61;19.56
hz_5361215-PPT.jpg;30.01;26.38;23.03;22.32
hz_5506206-PPT.jpg;28.97;25.73;22.88;23.6
hz_5506207-PPT.jpg;29.43;27.55;23.52;22.66
hz_5511469-PPT.jpg;32.85;27.74;22.89;23.32
hz_5520223-PPT.jpg;30.11;27.82;22.85;20.76
hz_imagem_64.jpg;36.48;25.43;26.39;22.62
hz_imagem_68.jpg;30.74;26.61;24.33;22.55
sf_1235063-PPT.jpg;28.44;29.88;24.94;24.43
sf_1235064-PPT.jpg;29.7;28.61;24.75;24.68
sf_1235135-PPT.jpg;28.19;25.14;22.53;20.91
sf_1320022-PPT.jpg;28.41;22.65;22.26;21.43
sf_1327032-PPT.jpg;36.36;29.94;23.5;23.24
sf_1327071-PPT.jpg;34.12;23.03;22.73;22.49
sf_1327072-PPT.jpg;31.03;27.52;24.15;21.95
sf_1327073-PPT.jpg;28.03;24.65;18.95;20.85
sf_1435040-PPT.jpg;27.29;23.69;22.38;18.94
sf_1435163-PPT.jpg;34.6;26.54;24.74;23.79
sf_1481171-PPT.jpg;30.15;21.72;20.7;21.67
sf_1599072-PPT.jpg;35.82;25.32;24.45;22.6
sf_1599073-PPT.jpg;32.45;25.83;22.13;24.0
sf_1599417-PPT.jpg;31.02;25.03;19.66;21.31
sf_1599419-PPT.jpg;33.52;26.85;23.08;22.41
sf_1599420-PPT.jpg;33.86;28.18;23.25;24.78
sf_1599888-PPT.jpg;40.93;27.94;24.49;25.69
sf_1599889-PPT.jpg;40.93;28.15;24.4;25.67
sf_1599890-PPT.jpg;38.51;26.85;23.89;24.87
sf_1599891-PPT.jpg;34.5;26.62;24.31;24.0
sf_1599892-PPT.jpg;32.17;28.0;23.97;23.36
sf_1599893-PPT.jpg;27.37;23.1;18.61;17.91
sf_1599894-PPT.jpg;31.46;22.13;19.05;17.32
sf_1599998-PPT.jpg;32.8;25.32;23.23;23.44
sf_1599999-PPT.jpg;32.78;25.11;23.25;23.13
sf_1600000-PPT.jpg;32.24;27.05;22.37;21.74
sf_1600001-PPT.jpg;30.27;23.29;21.21;21.81
sf_1600003-PPT.jpg;29.76;26.46;23.03;22.98
sf_1600004-PPT.jpg;39.66;27.87;22.34;22.12
sf_1600005-PPT.jpg;32.62;24.6;21.67;21.68
sf_1600006-PPT.jpg;29.76;26.38;23.04;23.16
sf_1600007-PPT.jpg;31.61;25.33;21.27;21.5
sf_1600008-PPT.jpg;30.15;26.14;21.57;20.5
sf_1600009-PPT.jpg;29.53;27.97;21.92;20.47
sf_1600010-PPT.jpg;29.86;23.93;20.79;19.44
sf_1600011-PPT.jpg;35.98;28.8;24.47;25.01
sf_1600099-PPT.jpg;30.1;25.47;22.09;21.25
sf_1600101-PPT.jpg;30.26;28.18;22.08;19.57
sf_1600102-PPT.jpg;32.88;27.66;23.89;23.95
sf_1600133-PPT.jpg;29.02;23.32;21.6;21.01
sf_1600134-PPT.jpg;34.97;26.98;24.89;23.7
sf_1600135-PPT.jpg;34.02;29.04;23.68;23.62
sf_1673034-PPT.jpg;34.77;25.07;23.03;22.26
sf_1858071-PPT.jpg;32.97;28.31;21.18;20.06
sf_1858074-PPT.jpg;32.23;27.38;20.63;19.48
sf_4387058-PPT.jpg;27.19;24.72;20.06;18.44
sf_5110009-PPT.jpg;30.32;22.06;22.42;19.79
sf_5360472-PPT.jpg;30.94;21.93;21.94;18.5
sf_5361210-PPT.jpg;29.57;24.77;22.66;19.23
sf_5367921-PPT.jpg;38.82;29.94;24.95;25.26
sf_5367922-PPT.jpg;33.48;28.72;24.9;24.56
sf_5367923-PPT.jpg;35.02;30.06;25.4;25.54
sf_5367924-PPT.jpg;33.2;29.46;25.26;25.71
sf_5438976-PPT.jpg;38.48;29.38;25.77;26.28
sf_5438977-PPT.jpg;36.67;29.39;25.43;25.46
sf_5438978-PPT.jpg;34.09;30.66;25.38;25.32
sf_5507023-PPT.jpg;30.34;26.97;21.82;20.1
sf_5507028-PPT.jpg;29.73;26.41;17.78;17.47
