Imagem;Q1;Q2;Q3;Q4;
hz_1224099-PPT.jpg;6.53;11.47;11.58;11.07
hz_1234055-PPT.jpg;4.88;6.16;5.33;5.53
hz_1234223-PPT.jpg;2.72;4.59;8.09;6.99
hz_1235128-PPT.jpg;5.35;11.39;6.95;5.25
hz_1235134-PPT.jpg;3.35;3.69;7.03;7.26
hz_1235167-PPT.jpg;9.51;9.19;3.2;7.6
hz_1236191-PPT.jpg;4.76;4.07;6.46;7.43
hz_1242061-PPT.jpg;8.78;10.23;9.73;9.18
hz_1327005-PPT.jpg;18.27;3.09;7.04;7.79
hz_1327006-PPT.jpg;15.17;12.97;7.73;8.15
hz_1327007-PPT.jpg;19.65;14.44;9.06;9.73
hz_1327010-PPT.jpg;2.25;4.51;3.54;1.96
hz_1432033-PPT.jpg;7.14;7.68;8.91;11.13
hz_1435039-PPT.jpg;2.68;4.66;7.42;6.23
hz_1435044-PPT.jpg;5.69;7.8;5.17;4.93
hz_1435166-PPT.jpg;7.22;4.32;7.03;7.65
hz_1472066-PPT.jpg;3.85;4.59;3.72;5.25
hz_1472071-PPT.jpg;2.39;3.2;3.73;2.7
hz_1472072-PPT.jpg;5.52;4.09;6.11;3.42
hz_1599057-PPT.jpg;4.09;5.24;6.3;7.29
hz_1599059-PPT.jpg;6.47;8.55;9.31;10.11
hz_1599060-PPT.jpg;7.51;6.88;9.05;8.75
hz_1599434-PPT.jpg;6.29;6.79;8.62;9.01
hz_1599436-PPT.jpg;6.94;7.14;9.88;7.65
hz_1599438-PPT.jpg;7.44;5.89;6.18;6.74
hz_1599880-PPT.jpg;11.02;9.65;8.61;6.93
hz_1599958-PPT.jpg;8.24;4.88;6.59;9.11
hz_1599992-PPT.jpg;4.79;3.82;6.14;3.75
hz_1599995-PPT.jpg;14.52;8.29;8.27;8.39
hz_1599996-PPT.jpg;5.05;8.87;9.17;11.29
hz_1599997-PPT.jpg;5.48;7.32;7.21;5.89
hz_1600092-PPT.jpg;5.91;5.01;4.7;6.88
hz_1600093-PPT.jpg;6.88;6.76;7.17;5.49
hz_5360671-PPT.jpg;6.12;9.5;11.44;11.85
hz_5360672-PPT.jpg;7.13;7.39;3.79;9.41
hz_5361215-PPT.jpg;4.42;3.63;4.6;8.49
hz_5506206-PPT.jpg;6.5;11.94;7.94;6.94
hz_5506207-PPT.jpg;8.04;6.92;11.34;6.13
hz_5511469-PPT.jpg;3.07;5.29;7.78;6.46
hz_5520223-PPT.jpg;3.14;8.33;11.09;7.24
hz_imagem_64.jpg;2.43;3.94;7.89;7.8
hz_imagem_68.jpg;6.41;7.62;5.2;5.89
sf_1235063-PPT.jpg;5.78;5.42;7.26;7.02
sf_1235064-PPT.jpg;5.31;6.84;7.29;7.49
sf_1235135-PPT.jpg;4.69;6.26;6.19;4.9
sf_1320022-PPT.jpg;8.25;7.29;7.95;7.72
sf_1327032-PPT.jpg;3.29;5.46;6.68;5.78
sf_1327071-PPT.jpg;12.63;16.42;11.19;11.69
sf_1327072-PPT.jpg;4.53;7.02;10.37;10.62
sf_1327073-PPT.jpg;6.75;5.33;6.41;5.9
sf_1435040-PPT.jpg;9.85;11.96;3.39;2.32
sf_1435163-PPT.jpg;7.67;9.4;9.81;8.89
sf_1481171-PPT.jpg;14.7;13.68;10.19;7.81
sf_1599072-PPT.jpg;12.8;9.99;8.72;11.23
sf_1599073-PPT.jpg;6.59;9.98;3.48;8.28
sf_1599417-PPT.jpg;5.09;4.04;2.87;6.11
sf_1599419-PPT.jpg;11.32;6.91;8.43;9.75
sf_1599420-PPT.jpg;6.22;8.54;4.37;8.45
sf_1599888-PPT.jpg;3.36;5.36;5.91;6.83
sf_1599889-PPT.jpg;3.36;5.36;5.91;6.83
sf_1599890-PPT.jpg;3.27;5.29;6.16;6.97
sf_1599891-PPT.jpg;3.05;3.23;6.78;6.85
sf_1599892-PPT.jpg;4.64;4.78;6.72;5.88
sf_1599893-PPT.jpg;5.53;10.65;12.95;14.53
sf_1599894-PPT.jpg;16.56;14.9;14.57;13.92
sf_1599998-PPT.jpg;5.8;4.66;4.72;6.98
sf_1599999-PPT.jpg;5.8;4.65;4.71;6.99
sf_1600000-PPT.jpg;2.71;4.69;6.07;6.22
sf_1600001-PPT.jpg;8.51;12.44;7.85;5.46
sf_1600003-PPT.jpg;3.27;3.88;7.86;4.47
sf_1600004-PPT.jpg;16.88;11.84;4.53;5.04
sf_1600005-PPT.jpg;13.76;14.7;3.14;3.9
sf_1600006-PPT.jpg;3.27;3.88;7.86;4.47
sf_1600007-PPT.jpg;4.18;2.58;4.19;6.81
sf_1600008-PPT.jpg;8.43;8.39;10.82;11.48
sf_1600009-PPT.jpg;4.94;6.92;8.17;7.07
sf_1600010-PPT.jpg;4.54;6.68;4.15;3.06
sf_1600011-PPT.jpg;5.64;6.34;7.68;10.14
sf_1600099-PPT.jpg;1.9;3.28;4.8;4.58
sf_1600101-PPT.jpg;2.69;4.31;4.0;3.24
sf_1600102-PPT.jpg;4.64;6.43;6.83;7.63
sf_1600133-PPT.jpg;7.48;15.53;8.3;8.7
sf_1600134-PPT.jpg;7.4;8.79;9.27;9.0
sf_1600135-PPT.jpg;5.01;4.6;6.78;7.56
sf_1673034-PPT.jpg;8.5;6.14;6.14;9.17
sf_1858071-PPT.jpg;8.79;9.37;6.09;8.45
sf_1858074-PPT.jpg;7.4;9.28;10.48;4.21
sf_4387058-PPT.jpg;4.62;11.99;10.16;13.7
sf_5110009-PPT.jpg;13.38;10.94;6.88;6.47
sf_5360472-PPT.jpg;8.2;14.67;8.89;10.81
sf_5361210-PPT.jpg;9.21;7.69;7.86;9.65
sf_5367921-PPT.jpg;5.83;6.82;8.09;7.98
sf_5367922-PPT.jpg;5.31;6.35;8.06;8.08
sf_5367923-PPT.jpg;5.03;6.09;6.6;7.23
sf_5367924-PPT.jpg;5.66;7.44;8.1;8.21
sf_5438976-PPT.jpg;7.36;8.66;7.01;7.04
sf_5438977-PPT.jpg;6.8;6.26;9.1;8.67
sf_5438978-PPT.jpg;6.9;8.2;9.81;9.67
sf_5507023-PPT.jpg;3.07;4.26;3.04;2.81
sf_5507028-PPT.jpg;8.82;5.36;7.46;6.13
