Imagem;Q1;Q2;Q3;Q4;
hz_1224099-PPT.jpg;28.5;28.28;21.14;24.45
hz_1234055-PPT.jpg;29.72;28.6;22.96;23.68
hz_1234223-PPT.jpg;27.58;25.51;22.31;23.7
hz_1235128-PPT.jpg;26.21;26.12;23.6;22.7
hz_1235134-PPT.jpg;32.15;29.72;23.17;25.56
hz_1235167-PPT.jpg;28.13;23.22;20.69;19.75
hz_1236191-PPT.jpg;21.31;20.77;18.61;18.93
hz_1242061-PPT.jpg;22.41;32.39;22.89;19.23
hz_1327005-PPT.jpg;28.16;22.9;19.89;20.17
hz_1327006-PPT.jpg;33.25;20.29;17.93;17.32
hz_1327007-PPT.jpg;33.43;20.66;18.53;18.2
hz_1327010-PPT.jpg;24.84;22.88;18.56;17.97
hz_1432033-PPT.jpg;29.42;26.5;24.78;24.4
hz_1435039-PPT.jpg;25.99;22.99;20.6;21.1
hz_1435044-PPT.jpg;25.75;23.56;19.87;19.17
hz_1435166-PPT.jpg;23.63;19.91;18.43;17.63
hz_1472066-PPT.jpg;25.44;25.11;21.49;22.34
hz_1472071-PPT.jpg;26.55;23.21;20.06;19.15
hz_1472072-PPT.jpg;24.37;26.22;21.82;20.2
hz_1599057-PPT.jpg;29.94;26.45;23.09;25.82
hz_1599059-PPT.jpg;31.4;28.06;24.28;24.04
hz_1599060-PPT.jpg;27.04;27.11;22.26;23.91
hz_1599434-PPT.jpg;30.67;30.08;25.58;23.57
hz_1599436-PPT.jpg;31.38;29.81;23.87;24.39
hz_1599438-PPT.jpg;29.58;30.44;23.04;25.63
hz_1599880-PPT.jpg;25.73;22.11;20.84;20.96
hz_1599958-PPT.jpg;24.43;26.57;22.73;18.8
hz_1599992-PPT.jpg;25.97;25.43;23.31;21.14
hz_1599995-PPT.jpg;28.02;23.12;20.82;23.68
hz_1599996-PPT.jpg;26.0;22.8;21.25;19.88
hz_1599997-PPT.jpg;25.57;24.98;21.98;20.78
hz_1600092-PPT.jpg;24.07;21.68;19.0;19.57
hz_1600093-PPT.jpg;21.3;20.24;19.08;18.69
hz_5360671-PPT.jpg;27.76;29.31;22.5;20.99
hz_5360672-PPT.jpg;23.7;23.65;20.52;19.1
hz_5361215-PPT.jpg;25.99;25.23;22.09;21.84
hz_5506206-PPT.jpg;24.12;24.74;21.82;23.16
hz_5506207-PPT.jpg;23.98;26.06;23.13;22.63
hz_5511469-PPT.jpg;28.5;26.23;21.99;22.76
hz_5520223-PPT.jpg;26.07;26.16;22.32;19.93
hz_imagem_64.jpg;30.16;24.16;26.51;22.71
hz_imagem_68.jpg;25.58;23.04;23.01;21.83
sf_1235063-PPT.jpg;24.07;31.43;24.15;24.44
sf_1235064-PPT.jpg;23.07;26.51;23.27;24.5
sf_1235135-PPT.jpg;24.9;24.05;21.59;20.86
sf_1320022-PPT.jpg;25.17;20.34;19.02;20.46
sf_1327032-PPT.jpg;31.14;30.24;21.58;22.27
sf_1327071-PPT.jpg;29.51;22.94;21.88;22.46
sf_1327072-PPT.jpg;26.35;25.63;23.37;21.85
sf_1327073-PPT.jpg;24.51;22.74;18.27;20.22
sf_1435040-PPT.jpg;24.01;22.22;21.73;19.13
sf_1435163-PPT.jpg;31.54;24.36;23.74;23.64
sf_1481171-PPT.jpg;26.57;21.1;19.76;21.18
sf_1599072-PPT.jpg;31.06;24.31;23.71;23.0
sf_1599073-PPT.jpg;28.67;24.45;21.73;24.23
sf_1599417-PPT.jpg;26.68;24.33;19.24;21.02
sf_1599419-PPT.jpg;28.59;24.83;22.65;22.85
sf_1599420-PPT.jpg;30.32;27.25;22.61;25.55
sf_1599888-PPT.jpg;35.63;26.3;23.25;26.68
sf_1599889-PPT.jpg;35.63;26.38;23.22;26.64
sf_1599890-PPT.jpg;33.61;23.96;22.46;24.87
sf_1599891-PPT.jpg;30.2;25.05;23.48;24.25
sf_1599892-PPT.jpg;26.83;26.96;22.81;23.29
sf_1599893-PPT.jpg;23.29;21.5;18.47;18.01
sf_1599894-PPT.jpg;27.76;21.3;18.82;17.27
sf_1599998-PPT.jpg;29.82;22.88;21.98;23.33
sf_1599999-PPT.jpg;29.81;22.81;22.01;23.06
sf_1600000-PPT.jpg;26.21;26.3;21.03;21.23
sf_1600001-PPT.jpg;25.4;21.2;20.31;21.33
sf_1600003-PPT.jpg;25.75;25.19;21.9;23.68
sf_1600004-PPT.jpg;36.85;26.49;21.3;21.82
sf_1600005-PPT.jpg;28.94;24.22;21.23;21.86
sf_1600006-PPT.jpg;25.75;25.14;21.9;23.78
sf_1600007-PPT.jpg;27.26;24.78;20.32;21.46
sf_1600008-PPT.jpg;25.07;24.3;20.74;20.26
sf_1600009-PPT.jpg;25.46;26.71;21.15;20.33
sf_1600010-PPT.jpg;25.57;21.57;20.09;19.18
sf_1600011-PPT.jpg;32.79;27.83;23.49;26.13
sf_1600099-PPT.jpg;25.96;25.02;20.79;20.83
sf_1600101-PPT.jpg;25.58;27.85;21.89;19.47
sf_1600102-PPT.jpg;27.77;24.95;22.71;23.72
sf_1600133-PPT.jpg;23.56;23.19;20.24;19.95
sf_1600134-PPT.jpg;31.16;24.65;24.89;23.45
sf_1600135-PPT.jpg;31.11;29.34;22.53;23.44
sf_1673034-PPT.jpg;31.38;22.52;21.75;22.24
sf_1858071-PPT.jpg;28.27;27.1;20.82;19.71
sf_1858074-PPT.jpg;28.13;27.22;20.38;19.21
sf_4387058-PPT.jpg;23.49;23.46;19.85;18.38
sf_5110009-PPT.jpg;27.05;21.06;21.48;19.41
sf_5360472-PPT.jpg;26.18;21.74;21.12;18.26
sf_5361210-PPT.jpg;25.89;24.2;21.68;18.71
sf_5367921-PPT.jpg;34.28;31.26;24.63;25.36
sf_5367922-PPT.jpg;29.02;27.73;24.45;24.9
sf_5367923-PPT.jpg;31.25;30.58;25.13;26.52
sf_5367924-PPT.jpg;28.95;29.67;24.83;26.88
sf_5438976-PPT.jpg;35.29;29.13;24.92;28.84
sf_5438977-PPT.jpg;31.44;29.2;25.0;26.7
sf_5438978-PPT.jpg;29.52;33.68;24.81;26.84
sf_5507023-PPT.jpg;25.99;24.76;21.37;20.32
sf_5507028-PPT.jpg;25.59;24.48;17.32;17.26
