Imagem;Q1;Q2;Q3;Q4;
hz_1224099-PPT.jpg;36.2;26.77;22.0;21.86
hz_1234055-PPT.jpg;38.5;26.81;23.25;22.19
hz_1234223-PPT.jpg;34.14;25.79;22.85;22.24
hz_1235128-PPT.jpg;33.44;25.95;23.11;21.37
hz_1235134-PPT.jpg;39.24;26.9;23.24;23.17
hz_1235167-PPT.jpg;34.98;26.04;21.1;20.4
hz_1236191-PPT.jpg;30.76;23.74;20.71;19.84
hz_1242061-PPT.jpg;31.84;27.25;23.39;20.04
hz_1327005-PPT.jpg;33.5;23.65;21.91;20.81
hz_1327006-PPT.jpg;41.37;20.88;18.68;17.85
hz_1327007-PPT.jpg;40.74;20.92;19.03;18.38
hz_1327010-PPT.jpg;33.78;25.74;20.24;17.6
hz_1432033-PPT.jpg;38.48;26.63;24.03;22.36
hz_1435039-PPT.jpg;33.39;25.06;21.85;20.78
hz_1435044-PPT.jpg;31.66;24.18;21.83;19.29
hz_1435166-PPT.jpg;31.29;23.77;21.34;17.89
hz_1472066-PPT.jpg;31.42;25.45;21.89;21.48
hz_1472071-PPT.jpg;34.32;24.93;21.19;18.67
hz_1472072-PPT.jpg;30.18;26.14;22.64;19.55
hz_1599057-PPT.jpg;36.42;26.41;23.68;23.13
hz_1599059-PPT.jpg;40.58;27.02;23.62;22.28
hz_1599060-PPT.jpg;35.29;26.79;22.31;22.42
hz_1599434-PPT.jpg;38.55;26.84;23.94;21.95
hz_1599436-PPT.jpg;39.07;27.17;23.39;22.44
hz_1599438-PPT.jpg;38.21;26.91;23.44;22.93
hz_1599880-PPT.jpg;31.95;25.05;22.11;21.13
hz_1599958-PPT.jpg;31.03;26.48;23.31;18.42
hz_1599992-PPT.jpg;31.76;25.13;22.96;20.14
hz_1599995-PPT.jpg;35.47;24.33;21.43;22.21
hz_1599996-PPT.jpg;33.12;25.19;22.15;19.51
hz_1599997-PPT.jpg;33.5;26.37;23.06;20.98
hz_1600092-PPT.jpg;31.66;23.32;21.47;20.48
hz_1600093-PPT.jpg;30.04;22.95;21.12;19.72
hz_5360671-PPT.jpg;35.56;26.5;22.44;20.0
hz_5360672-PPT.jpg;31.33;24.41;21.48;19.16
hz_5361215-PPT.jpg;33.09;25.5;22.68;21.27
hz_5506206-PPT.jpg;32.78;25.01;22.62;22.23
hz_5506207-PPT.jpg;32.57;26.27;22.75;21.5
hz_5511469-PPT.jpg;35.64;26.31;22.3;21.93
hz_5520223-PPT.jpg;33.24;26.43;22.34;20.22
hz_imagem_64.jpg;39.17;24.78;24.24;21.43
hz_imagem_68.jpg;36.47;26.5;23.52;21.82
sf_1235063-PPT.jpg;33.16;26.97;23.69;22.75
sf_1235064-PPT.jpg;35.14;26.7;23.56;22.71
sf_1235135-PPT.jpg;30.59;24.73;22.16;20.2
sf_1320022-PPT.jpg;30.75;22.94;22.48;20.88
sf_1327032-PPT.jpg;40.41;27.1;23.34;22.04
sf_1327071-PPT.jpg;37.55;22.67;22.52;21.36
sf_1327072-PPT.jpg;35.32;26.42;23.45;20.97
sf_1327073-PPT.jpg;30.26;24.72;19.01;20.3
sf_1435040-PPT.jpg;29.94;23.7;22.22;18.47
sf_1435163-PPT.jpg;37.34;26.29;23.54;22.4
sf_1481171-PPT.jpg;32.61;21.6;20.77;20.92
sf_1599072-PPT.jpg;38.26;24.69;23.54;21.32
sf_1599073-PPT.jpg;35.61;25.23;21.82;22.31
sf_1599417-PPT.jpg;35.09;24.28;19.63;20.51
sf_1599419-PPT.jpg;36.31;26.05;22.55;21.19
sf_1599420-PPT.jpg;36.43;26.52;22.8;22.73
sf_1599888-PPT.jpg;43.67;26.41;23.58;23.23
sf_1599889-PPT.jpg;43.67;26.64;23.55;23.14
sf_1599890-PPT.jpg;41.35;26.18;23.34;22.97
sf_1599891-PPT.jpg;38.41;25.93;23.56;22.31
sf_1599892-PPT.jpg;36.46;26.34;23.41;21.92
sf_1599893-PPT.jpg;31.79;23.33;18.55;17.56
sf_1599894-PPT.jpg;35.27;22.22;18.95;17.1
sf_1599998-PPT.jpg;35.16;25.35;22.91;22.01
sf_1599999-PPT.jpg;35.16;25.23;22.98;21.79
sf_1600000-PPT.jpg;37.23;25.84;22.12;20.83
sf_1600001-PPT.jpg;34.16;23.41;20.94;20.92
sf_1600003-PPT.jpg;33.85;25.93;22.99;21.6
sf_1600004-PPT.jpg;41.98;26.34;22.08;21.22
sf_1600005-PPT.jpg;35.77;24.18;21.43;20.73
sf_1600006-PPT.jpg;33.84;25.8;23.08;21.7
sf_1600007-PPT.jpg;34.7;24.65;21.15;20.6
sf_1600008-PPT.jpg;34.08;25.56;21.31;19.81
sf_1600009-PPT.jpg;32.74;26.36;21.6;19.82
sf_1600010-PPT.jpg;33.64;24.43;20.71;19.04
sf_1600011-PPT.jpg;39.03;26.79;23.74;22.89
sf_1600099-PPT.jpg;33.71;24.78;21.81;20.5
sf_1600101-PPT.jpg;33.63;26.38;21.52;19.06
sf_1600102-PPT.jpg;37.21;26.53;23.43;22.35
sf_1600133-PPT.jpg;32.66;22.96;21.71;20.34
sf_1600134-PPT.jpg;38.52;26.37;23.71;22.35
sf_1600135-PPT.jpg;36.05;26.82;22.99;22.02
sf_1673034-PPT.jpg;37.44;25.77;22.95;21.13
sf_1858071-PPT.jpg;36.62;26.52;20.94;19.56
sf_1858074-PPT.jpg;35.54;25.93;20.4;19.02
sf_4387058-PPT.jpg;29.75;24.44;19.88;18.1
sf_5110009-PPT.jpg;32.93;22.11;22.39;19.35
sf_5360472-PPT.jpg;35.36;21.68;21.62;18.15
sf_5361210-PPT.jpg;33.62;24.09;22.23;18.83
sf_5367921-PPT.jpg;44.18;27.0;23.8;23.19
sf_5367922-PPT.jpg;37.28;26.77;23.93;22.72
sf_5367923-PPT.jpg;39.5;27.12;23.86;23.23
sf_5367924-PPT.jpg;37.16;26.98;24.06;23.37
sf_5438976-PPT.jpg;40.6;26.89;23.93;23.44
sf_5438977-PPT.jpg;39.96;26.88;24.05;22.95
sf_5438978-PPT.jpg;37.37;27.16;23.68;23.0
sf_5507023-PPT.jpg;34.63;26.26;21.4;19.47
sf_5507028-PPT.jpg;32.07;25.39;17.8;17.25
