Imagem;Q1;Q2;Q3;Q4;
hz_1224099-PPT.jpg;7.19;11.62;11.88;11.19
hz_1234055-PPT.jpg;4.99;6.2;5.41;5.58
hz_1234223-PPT.jpg;2.81;4.69;8.26;7.09
hz_1235128-PPT.jpg;5.78;11.49;7.03;5.32
hz_1235134-PPT.jpg;3.44;3.72;7.11;7.29
hz_1235167-PPT.jpg;9.71;9.39;3.25;7.94
hz_1236191-PPT.jpg;5.11;4.31;6.76;7.59
hz_1242061-PPT.jpg;9.14;10.28;9.82;9.38
hz_1327005-PPT.jpg;20.11;3.18;7.18;8.07
hz_1327006-PPT.jpg;16.69;13.33;7.93;8.43
hz_1327007-PPT.jpg;21.06;14.81;9.25;9.95
hz_1327010-PPT.jpg;2.35;4.64;3.68;1.98
hz_1432033-PPT.jpg;7.32;7.83;8.98;11.25
hz_1435039-PPT.jpg;2.83;4.85;7.77;6.36
hz_1435044-PPT.jpg;6.16;8.1;5.33;5.0
hz_1435166-PPT.jpg;7.66;4.52;7.41;7.8
hz_1472066-PPT.jpg;4.07;4.65;3.77;5.3
hz_1472071-PPT.jpg;2.45;3.26;3.8;2.73
hz_1472072-PPT.jpg;5.87;4.16;6.21;3.46
hz_1599057-PPT.jpg;4.26;5.32;6.42;7.39
hz_1599059-PPT.jpg;6.64;8.68;9.49;10.24
hz_1599060-PPT.jpg;7.71;6.95;9.33;8.87
hz_1599434-PPT.jpg;6.4;6.85;8.69;9.3
hz_1599436-PPT.jpg;7.17;7.22;10.06;7.7
hz_1599438-PPT.jpg;7.63;5.94;6.32;6.81
hz_1599880-PPT.jpg;11.4;9.99;8.73;7.12
hz_1599958-PPT.jpg;8.74;4.93;6.67;9.22
hz_1599992-PPT.jpg;4.98;4.07;6.24;3.81
hz_1599995-PPT.jpg;15.56;9.1;8.52;8.58
hz_1599996-PPT.jpg;5.33;9.28;9.54;11.65
hz_1599997-PPT.jpg;5.71;7.37;7.33;6.02
hz_1600092-PPT.jpg;6.18;5.23;4.92;6.99
hz_1600093-PPT.jpg;7.51;7.16;7.43;5.76
hz_5360671-PPT.jpg;6.24;9.54;11.58;11.95
hz_5360672-PPT.jpg;7.55;7.67;3.93;9.62
hz_5361215-PPT.jpg;4.59;3.66;4.67;8.59
hz_5506206-PPT.jpg;6.73;12.18;8.08;7.05
hz_5506207-PPT.jpg;8.42;7.06;11.44;6.22
hz_5511469-PPT.jpg;3.25;5.35;8.01;6.53
hz_5520223-PPT.jpg;3.23;8.48;11.17;7.36
hz_imagem_64.jpg;2.54;4.03;8.0;7.89
hz_imagem_68.jpg;6.56;7.76;5.28;5.96
sf_1235063-PPT.jpg;5.93;5.46;7.31;7.07
sf_1235064-PPT.jpg;5.47;6.99;7.38;7.6
sf_1235135-PPT.jpg;4.92;6.37;6.37;4.95
sf_1320022-PPT.jpg;8.92;7.58;8.16;8.07
sf_1327032-PPT.jpg;3.48;5.54;6.76;5.87
sf_1327071-PPT.jpg;13.17;16.7;11.28;11.75
sf_1327072-PPT.jpg;4.65;7.13;10.44;10.7
sf_1327073-PPT.jpg;7.32;5.48;6.52;6.06
sf_1435040-PPT.jpg;11.29;12.45;3.41;2.32
sf_1435163-PPT.jpg;7.85;9.53;9.87;8.96
sf_1481171-PPT.jpg;16.13;14.1;10.4;7.89
sf_1599072-PPT.jpg;13.51;10.22;8.84;11.34
sf_1599073-PPT.jpg;6.78;10.25;3.53;8.35
sf_1599417-PPT.jpg;5.28;4.16;2.96;6.3
sf_1599419-PPT.jpg;11.61;7.07;8.56;9.9
sf_1599420-PPT.jpg;6.44;8.65;4.45;8.49
sf_1599888-PPT.jpg;3.44;5.45;6.0;6.87
sf_1599889-PPT.jpg;3.44;5.45;6.0;6.87
sf_1599890-PPT.jpg;3.34;5.4;6.25;7.04
sf_1599891-PPT.jpg;3.17;3.26;6.88;7.0
sf_1599892-PPT.jpg;4.75;4.86;6.93;5.94
sf_1599893-PPT.jpg;5.67;10.82;13.6;14.57
sf_1599894-PPT.jpg;17.56;15.15;14.89;14.02
sf_1599998-PPT.jpg;5.94;4.73;4.77;7.14
sf_1599999-PPT.jpg;5.94;4.73;4.77;7.15
sf_1600000-PPT.jpg;2.77;4.78;6.55;6.49
sf_1600001-PPT.jpg;8.71;13.06;8.08;5.58
sf_1600003-PPT.jpg;3.52;3.93;8.0;4.5
sf_1600004-PPT.jpg;17.07;11.99;4.65;5.11
sf_1600005-PPT.jpg;14.13;14.76;3.18;3.95
sf_1600006-PPT.jpg;3.52;3.93;8.0;4.5
sf_1600007-PPT.jpg;4.39;2.64;4.31;6.96
sf_1600008-PPT.jpg;9.06;8.72;11.24;11.82
sf_1600009-PPT.jpg;5.1;7.03;8.44;7.33
sf_1600010-PPT.jpg;4.7;6.87;4.25;3.1
sf_1600011-PPT.jpg;5.74;6.41;7.81;10.17
sf_1600099-PPT.jpg;1.95;3.36;5.03;4.73
sf_1600101-PPT.jpg;2.79;4.35;4.04;3.28
sf_1600102-PPT.jpg;4.75;6.53;6.91;7.72
sf_1600133-PPT.jpg;7.99;15.93;8.56;9.08
sf_1600134-PPT.jpg;7.54;8.87;9.33;9.08
sf_1600135-PPT.jpg;5.38;4.65;7.02;7.66
sf_1673034-PPT.jpg;8.68;6.24;6.23;9.39
sf_1858071-PPT.jpg;9.28;9.58;6.29;8.62
sf_1858074-PPT.jpg;7.73;9.6;10.67;4.27
sf_4387058-PPT.jpg;4.98;12.37;10.43;13.93
sf_5110009-PPT.jpg;14.05;11.2;6.96;6.57
sf_5360472-PPT.jpg;8.81;15.07;8.97;10.96
sf_5361210-PPT.jpg;9.41;7.83;7.97;9.82
sf_5367921-PPT.jpg;5.84;6.83;8.16;8.02
sf_5367922-PPT.jpg;5.36;6.39;8.13;8.11
sf_5367923-PPT.jpg;5.07;6.11;6.68;7.26
sf_5367924-PPT.jpg;5.77;7.46;8.17;8.25
sf_5438976-PPT.jpg;7.53;8.71;7.07;7.1
sf_5438977-PPT.jpg;6.95;6.37;9.21;8.75
sf_5438978-PPT.jpg;7.07;8.22;9.91;9.76
sf_5507023-PPT.jpg;3.18;4.32;3.09;2.83
sf_5507028-PPT.jpg;9.42;5.42;7.63;6.2
