Imagem;Q1;Q2;Q3;Q4;
hz_1224099-PPT.jpg;6.82;11.54;11.7;11.09
hz_1234055-PPT.jpg;4.92;6.17;5.35;5.56
hz_1234223-PPT.jpg;2.75;4.62;8.16;7.02
hz_1235128-PPT.jpg;5.53;11.42;6.97;5.28
hz_1235134-PPT.jpg;3.38;3.7;7.07;7.27
hz_1235167-PPT.jpg;9.57;9.31;3.22;7.7
hz_1236191-PPT.jpg;4.96;4.13;6.65;7.5
hz_1242061-PPT.jpg;9.0;10.25;9.76;9.29
hz_1327005-PPT.jpg;19.13;3.12;7.1;7.89
hz_1327006-PPT.jpg;15.37;13.05;7.8;8.27
hz_1327007-PPT.jpg;19.89;14.54;9.12;9.82
hz_1327010-PPT.jpg;2.28;4.57;3.61;1.96
hz_1432033-PPT.jpg;7.21;7.72;8.94;11.18
hz_1435039-PPT.jpg;2.74;4.74;7.49;6.29
hz_1435044-PPT.jpg;5.83;7.84;5.26;4.96
hz_1435166-PPT.jpg;7.43;4.38;7.14;7.71
hz_1472066-PPT.jpg;3.88;4.61;3.75;5.28
hz_1472071-PPT.jpg;2.43;3.23;3.76;2.7
hz_1472072-PPT.jpg;5.61;4.11;6.16;3.43
hz_1599057-PPT.jpg;4.16;5.27;6.34;7.32
hz_1599059-PPT.jpg;6.5;8.6;9.38;10.16
hz_1599060-PPT.jpg;7.61;6.91;9.14;8.8
hz_1599434-PPT.jpg;6.35;6.82;8.64;9.1
hz_1599436-PPT.jpg;7.08;7.16;9.94;7.67
hz_1599438-PPT.jpg;7.52;5.91;6.22;6.78
hz_1599880-PPT.jpg;11.19;9.76;8.68;7.02
hz_1599958-PPT.jpg;8.46;4.9;6.62;9.14
hz_1599992-PPT.jpg;4.84;3.89;6.17;3.77
hz_1599995-PPT.jpg;14.94;8.63;8.42;8.45
hz_1599996-PPT.jpg;5.14;9.02;9.33;11.41
hz_1599997-PPT.jpg;5.58;7.34;7.26;5.93
hz_1600092-PPT.jpg;6.05;5.1;4.82;6.93
hz_1600093-PPT.jpg;7.07;6.92;7.27;5.64
hz_5360671-PPT.jpg;6.18;9.51;11.49;11.88
hz_5360672-PPT.jpg;7.32;7.45;3.83;9.45
hz_5361215-PPT.jpg;4.49;3.65;4.63;8.54
hz_5506206-PPT.jpg;6.63;12.04;7.99;6.99
hz_5506207-PPT.jpg;8.18;6.96;11.36;6.15
hz_5511469-PPT.jpg;3.11;5.31;7.87;6.48
hz_5520223-PPT.jpg;3.21;8.4;11.13;7.29
hz_imagem_64.jpg;2.47;3.99;7.95;7.83
hz_imagem_68.jpg;6.47;7.69;5.22;5.9
sf_1235063-PPT.jpg;5.82;5.43;7.28;7.05
sf_1235064-PPT.jpg;5.41;6.91;7.32;7.53
sf_1235135-PPT.jpg;4.85;6.32;6.26;4.94
sf_1320022-PPT.jpg;8.51;7.38;8.03;7.81
sf_1327032-PPT.jpg;3.37;5.49;6.72;5.84
sf_1327071-PPT.jpg;12.87;16.52;11.22;11.71
sf_1327072-PPT.jpg;4.57;7.05;10.4;10.65
sf_1327073-PPT.jpg;7.04;5.42;6.46;5.95
sf_1435040-PPT.jpg;10.31;12.19;3.4;2.32
sf_1435163-PPT.jpg;7.77;9.43;9.83;8.92
sf_1481171-PPT.jpg;15.13;13.8;10.28;7.85
sf_1599072-PPT.jpg;13.23;10.09;8.78;11.3
sf_1599073-PPT.jpg;6.68;10.08;3.5;8.3
sf_1599417-PPT.jpg;5.15;4.09;2.89;6.2
sf_1599419-PPT.jpg;11.49;6.98;8.47;9.78
sf_1599420-PPT.jpg;6.3;8.6;4.4;8.47
sf_1599888-PPT.jpg;3.38;5.39;5.95;6.85
sf_1599889-PPT.jpg;3.38;5.39;5.95;6.85
sf_1599890-PPT.jpg;3.29;5.33;6.2;6.99
sf_1599891-PPT.jpg;3.1;3.24;6.82;6.9
sf_1599892-PPT.jpg;4.68;4.8;6.78;5.91
sf_1599893-PPT.jpg;5.58;10.72;13.2;14.55
sf_1599894-PPT.jpg;17.02;15.0;14.72;13.95
sf_1599998-PPT.jpg;5.88;4.69;4.74;7.03
sf_1599999-PPT.jpg;5.88;4.69;4.74;7.04
sf_1600000-PPT.jpg;2.77;4.72;6.22;6.29
sf_1600001-PPT.jpg;8.61;12.72;7.95;5.51
sf_1600003-PPT.jpg;3.38;3.91;7.93;4.48
sf_1600004-PPT.jpg;16.93;11.91;4.57;5.06
sf_1600005-PPT.jpg;13.87;14.72;3.16;3.92
sf_1600006-PPT.jpg;3.38;3.9;7.94;4.48
sf_1600007-PPT.jpg;4.28;2.61;4.25;6.85
sf_1600008-PPT.jpg;8.67;8.6;11.01;11.63
sf_1600009-PPT.jpg;4.99;6.95;8.33;7.16
sf_1600010-PPT.jpg;4.63;6.78;4.19;3.08
sf_1600011-PPT.jpg;5.69;6.38;7.71;10.15
sf_1600099-PPT.jpg;1.95;3.31;4.85;4.62
sf_1600101-PPT.jpg;2.69;4.32;4.02;3.25
sf_1600102-PPT.jpg;4.7;6.46;6.86;7.68
sf_1600133-PPT.jpg;7.72;15.65;8.39;8.89
sf_1600134-PPT.jpg;7.45;8.82;9.29;9.04
sf_1600135-PPT.jpg;5.08;4.61;6.88;7.6
sf_1673034-PPT.jpg;8.61;6.19;6.17;9.24
sf_1858071-PPT.jpg;9.01;9.48;6.16;8.54
sf_1858074-PPT.jpg;7.57;9.34;10.56;4.23
sf_4387058-PPT.jpg;4.72;12.14;10.23;13.77
sf_5110009-PPT.jpg;13.62;11.04;6.92;6.5
sf_5360472-PPT.jpg;8.41;14.8;8.93;10.88
sf_5361210-PPT.jpg;9.31;7.71;7.93;9.73
sf_5367921-PPT.jpg;5.83;6.83;8.11;7.99
sf_5367922-PPT.jpg;5.32;6.36;8.09;8.08
sf_5367923-PPT.jpg;5.04;6.1;6.64;7.24
sf_5367924-PPT.jpg;5.7;7.45;8.13;8.23
sf_5438976-PPT.jpg;7.42;8.67;7.04;7.06
sf_5438977-PPT.jpg;6.88;6.33;9.14;8.71
sf_5438978-PPT.jpg;6.97;8.21;9.85;9.71
sf_5507023-PPT.jpg;3.1;4.28;3.06;2.82
sf_5507028-PPT.jpg;8.97;5.38;7.52;6.14
