Imagem;Q1;Q2;Q3;Q4;
hz_1224099-PPT.jpg;34.17;28.37;22.49;22.99
hz_1234055-PPT.jpg;36.19;28.28;24.01;23.33
hz_1234223-PPT.jpg;32.12;26.7;23.43;23.33
hz_1235128-PPT.jpg;31.11;26.75;23.95;22.21
hz_1235134-PPT.jpg;37.26;28.38;23.89;24.71
hz_1235167-PPT.jpg;32.68;26.26;21.44;20.81
hz_1236191-PPT.jpg;28.04;23.77;20.71;20.11
hz_1242061-PPT.jpg;28.73;29.35;24.08;20.46
hz_1327005-PPT.jpg;31.68;23.89;21.97;21.29
hz_1327006-PPT.jpg;39.56;20.93;18.68;17.95
hz_1327007-PPT.jpg;38.77;21.03;19.08;18.59
hz_1327010-PPT.jpg;31.19;25.99;20.17;17.84
hz_1432033-PPT.jpg;35.86;27.96;25.25;23.54
hz_1435039-PPT.jpg;31.38;25.6;22.09;21.43
hz_1435044-PPT.jpg;30.1;24.63;21.9;19.63
hz_1435166-PPT.jpg;29.46;23.53;21.21;18.07
hz_1472066-PPT.jpg;29.88;26.16;22.36;22.32
hz_1472071-PPT.jpg;32.08;25.27;21.47;19.02
hz_1472072-PPT.jpg;28.62;27.09;23.18;19.99
hz_1599057-PPT.jpg;34.76;27.6;24.61;24.59
hz_1599059-PPT.jpg;38.15;28.54;24.71;23.4
hz_1599060-PPT.jpg;33.36;28.17;22.93;23.66
hz_1599434-PPT.jpg;36.7;28.57;25.46;23.06
hz_1599436-PPT.jpg;36.92;29.08;24.37;23.63
hz_1599438-PPT.jpg;35.94;28.75;24.37;24.5
hz_1599880-PPT.jpg;30.08;24.96;22.38;21.64
hz_1599958-PPT.jpg;29.29;27.79;24.28;18.76
hz_1599992-PPT.jpg;30.25;25.94;23.87;20.75
hz_1599995-PPT.jpg;33.51;24.77;21.81;23.31
hz_1599996-PPT.jpg;31.09;25.54;22.63;19.95
hz_1599997-PPT.jpg;31.3;27.31;23.77;21.6
hz_1600092-PPT.jpg;29.68;23.43;21.51;20.86
hz_1600093-PPT.jpg;27.51;22.88;21.12;20.03
hz_5360671-PPT.jpg;33.49;28.21;23.09;20.6
hz_5360672-PPT.jpg;29.36;24.83;21.83;19.52
hz_5361215-PPT.jpg;31.16;26.24;23.24;22.11
hz_5506206-PPT.jpg;30.22;25.64;23.05;23.33
hz_5506207-PPT.jpg;30.61;27.35;23.54;22.38
hz_5511469-PPT.jpg;33.95;27.43;22.95;22.95
hz_5520223-PPT.jpg;31.17;27.61;22.89;20.68
hz_imagem_64.jpg;37.54;25.37;25.73;22.33
hz_imagem_68.jpg;32.69;27.08;24.3;22.51
sf_1235063-PPT.jpg;29.85;29.02;24.71;23.98
sf_1235064-PPT.jpg;31.64;28.22;24.49;24.19
sf_1235135-PPT.jpg;29.09;25.12;22.52;20.73
sf_1320022-PPT.jpg;29.25;22.92;22.71;21.4
sf_1327032-PPT.jpg;37.86;29.1;23.87;22.97
sf_1327071-PPT.jpg;35.19;22.97;22.89;22.22
sf_1327072-PPT.jpg;32.54;27.47;24.23;21.73
sf_1327073-PPT.jpg;28.85;24.84;19.06;20.76
sf_1435040-PPT.jpg;28.29;23.8;22.6;18.82
sf_1435163-PPT.jpg;35.56;26.75;24.51;23.44
sf_1481171-PPT.jpg;31.03;21.75;20.94;21.54
sf_1599072-PPT.jpg;36.77;25.26;24.56;22.24
sf_1599073-PPT.jpg;33.61;25.81;22.33;23.57
sf_1599417-PPT.jpg;32.45;24.88;19.82;21.14
sf_1599419-PPT.jpg;34.66;26.83;23.24;22.1
sf_1599420-PPT.jpg;34.78;27.8;23.44;24.21
sf_1599888-PPT.jpg;41.98;27.67;24.67;24.97
sf_1599889-PPT.jpg;42.05;27.89;24.59;24.91
sf_1599890-PPT.jpg;39.63;26.95;24.23;24.39
sf_1599891-PPT.jpg;35.91;26.53;24.52;23.57
sf_1599892-PPT.jpg;33.73;27.65;24.19;23.06
sf_1599893-PPT.jpg;28.73;23.38;18.68;17.81
sf_1599894-PPT.jpg;32.56;22.23;19.12;17.28
sf_1599998-PPT.jpg;33.57;25.65;23.55;23.14
sf_1599999-PPT.jpg;33.55;25.45;23.6;22.83
sf_1600000-PPT.jpg;33.87;26.78;22.53;21.56
sf_1600001-PPT.jpg;31.6;23.48;21.28;21.62
sf_1600003-PPT.jpg;31.47;26.62;23.39;22.55
sf_1600004-PPT.jpg;40.5;27.5;22.56;21.91
sf_1600005-PPT.jpg;33.76;24.58;21.77;21.45
sf_1600006-PPT.jpg;31.47;26.55;23.44;22.71
sf_1600007-PPT.jpg;32.56;25.2;21.4;21.26
sf_1600008-PPT.jpg;31.63;26.15;21.64;20.34
sf_1600009-PPT.jpg;30.77;27.61;22.05;20.33
sf_1600010-PPT.jpg;31.19;24.37;20.91;19.36
sf_1600011-PPT.jpg;37.09;28.27;24.66;24.38
sf_1600099-PPT.jpg;31.43;25.33;22.24;21.09
sf_1600101-PPT.jpg;31.19;27.67;21.98;19.45
sf_1600102-PPT.jpg;34.25;27.6;24.21;23.54
sf_1600133-PPT.jpg;30.29;23.24;21.9;20.88
sf_1600134-PPT.jpg;35.97;27.1;24.87;23.41
sf_1600135-PPT.jpg;34.72;28.49;23.87;23.17
sf_1673034-PPT.jpg;35.63;25.8;23.33;21.98
sf_1858071-PPT.jpg;34.28;27.87;21.19;19.97
sf_1858074-PPT.jpg;33.41;27.03;20.59;19.4
sf_4387058-PPT.jpg;28.1;24.72;20.03;18.37
sf_5110009-PPT.jpg;31.25;22.14;22.72;19.73
sf_5360472-PPT.jpg;32.58;21.88;22.07;18.42
sf_5361210-PPT.jpg;30.8;24.66;22.84;19.18
sf_5367921-PPT.jpg;40.6;29.01;24.94;24.77
sf_5367922-PPT.jpg;34.76;28.31;25.11;24.13
sf_5367923-PPT.jpg;36.45;29.2;25.28;24.88
sf_5367924-PPT.jpg;34.43;28.72;25.31;25.07
sf_5438976-PPT.jpg;39.23;28.71;25.3;25.33
sf_5438977-PPT.jpg;37.71;28.77;25.27;24.64
sf_5438978-PPT.jpg;35.05;29.58;24.91;24.6
sf_5507023-PPT.jpg;31.72;27.03;21.89;19.93
sf_5507028-PPT.jpg;30.6;26.21;17.84;17.43
