Imagem;Q1;Q2;Q3;Q4;
hz_1224099-PPT.jpg;26.78;27.17;20.34;24.53
hz_1234055-PPT.jpg;28.42;27.74;22.52;23.28
hz_1234223-PPT.jpg;26.14;24.44;21.66;23.24
hz_1235128-PPT.jpg;24.85;25.62;23.11;22.31
hz_1235134-PPT.jpg;30.41;29.4;22.6;24.93
hz_1235167-PPT.jpg;27.13;22.3;20.19;19.3
hz_1236191-PPT.jpg;19.63;19.46;17.48;18.16
hz_1242061-PPT.jpg;20.46;32.36;22.23;17.95
hz_1327005-PPT.jpg;26.82;22.21;18.96;19.55
hz_1327006-PPT.jpg;30.72;19.58;17.58;16.91
hz_1327007-PPT.jpg;31.95;20.23;18.31;17.9
hz_1327010-PPT.jpg;23.54;21.79;17.93;17.88
hz_1432033-PPT.jpg;27.66;25.0;24.11;24.03
hz_1435039-PPT.jpg;24.48;21.69;19.76;20.62
hz_1435044-PPT.jpg;24.3;22.43;19.0;18.77
hz_1435166-PPT.jpg;21.9;18.62;17.54;17.29
hz_1472066-PPT.jpg;23.97;23.94;20.96;21.79
hz_1472071-PPT.jpg;25.27;22.19;19.35;18.96
hz_1472072-PPT.jpg;22.71;25.24;21.19;20.0
hz_1599057-PPT.jpg;28.36;24.97;22.34;24.99
hz_1599059-PPT.jpg;29.41;26.34;23.45;23.39
hz_1599060-PPT.jpg;25.37;25.78;21.56;22.9
hz_1599434-PPT.jpg;28.96;29.17;25.07;23.02
hz_1599436-PPT.jpg;29.7;28.55;23.15;23.89
hz_1599438-PPT.jpg;28.12;29.74;22.18;24.96
hz_1599880-PPT.jpg;24.63;21.26;20.25;20.36
hz_1599958-PPT.jpg;22.94;25.51;21.82;18.66
hz_1599992-PPT.jpg;23.97;24.03;22.67;20.99
hz_1599995-PPT.jpg;26.44;21.3;19.76;22.78
hz_1599996-PPT.jpg;24.37;21.39;20.43;19.4
hz_1599997-PPT.jpg;23.97;23.87;21.21;19.9
hz_1600092-PPT.jpg;22.68;20.66;18.04;18.61
hz_1600093-PPT.jpg;19.41;18.89;18.04;17.82
hz_5360671-PPT.jpg;26.21;28.7;22.1;20.79
hz_5360672-PPT.jpg;22.04;22.76;19.88;18.74
hz_5361215-PPT.jpg;24.78;24.6;21.54;21.24
hz_5506206-PPT.jpg;22.81;23.99;21.13;22.01
hz_5506207-PPT.jpg;22.45;24.7;22.48;22.22
hz_5511469-PPT.jpg;26.23;24.99;21.27;22.13
hz_5520223-PPT.jpg;24.84;24.83;21.92;19.33
hz_imagem_64.jpg;27.85;23.26;25.77;22.37
hz_imagem_68.jpg;23.96;21.94;22.27;21.39
sf_1235063-PPT.jpg;22.74;31.22;23.39;23.61
sf_1235064-PPT.jpg;21.21;24.06;22.18;23.64
sf_1235135-PPT.jpg;23.56;23.24;20.85;20.56
sf_1320022-PPT.jpg;23.83;19.66;18.38;19.37
sf_1327032-PPT.jpg;29.23;28.61;20.65;21.9
sf_1327071-PPT.jpg;27.87;22.73;21.3;22.04
sf_1327072-PPT.jpg;25.04;24.58;22.8;21.52
sf_1327073-PPT.jpg;22.98;21.57;17.8;19.54
sf_1435040-PPT.jpg;22.74;21.53;21.49;19.15
sf_1435163-PPT.jpg;30.26;22.96;23.55;22.93
sf_1481171-PPT.jpg;24.99;20.61;19.2;20.69
sf_1599072-PPT.jpg;28.86;23.45;23.02;22.66
sf_1599073-PPT.jpg;27.22;23.37;21.37;23.81
sf_1599417-PPT.jpg;25.04;23.41;18.93;20.38
sf_1599419-PPT.jpg;26.74;23.17;22.09;22.65
sf_1599420-PPT.jpg;28.91;26.41;22.06;25.08
sf_1599888-PPT.jpg;33.67;25.6;22.68;26.57
sf_1599889-PPT.jpg;33.65;25.67;22.63;26.54
sf_1599890-PPT.jpg;31.87;23.18;21.74;24.48
sf_1599891-PPT.jpg;28.75;24.06;22.36;23.62
sf_1599892-PPT.jpg;24.82;25.47;21.53;22.39
sf_1599893-PPT.jpg;22.5;20.9;18.27;17.98
sf_1599894-PPT.jpg;26.71;21.01;18.64;17.24
sf_1599998-PPT.jpg;28.4;22.08;21.29;22.97
sf_1599999-PPT.jpg;28.39;22.04;21.32;22.73
sf_1600000-PPT.jpg;23.86;25.43;20.0;20.38
sf_1600001-PPT.jpg;23.42;19.73;19.56;20.64
sf_1600003-PPT.jpg;24.6;24.57;21.18;23.57
sf_1600004-PPT.jpg;35.78;25.43;20.8;21.28
sf_1600005-PPT.jpg;27.88;24.0;20.83;21.58
sf_1600006-PPT.jpg;24.6;24.54;21.17;23.66
sf_1600007-PPT.jpg;25.72;24.18;19.63;21.08
sf_1600008-PPT.jpg;22.97;22.79;19.98;19.69
sf_1600009-PPT.jpg;23.92;25.71;20.59;20.0
sf_1600010-PPT.jpg;23.92;20.15;19.53;18.84
sf_1600011-PPT.jpg;31.66;26.6;22.78;25.98
sf_1600099-PPT.jpg;24.02;24.37;19.97;20.25
sf_1600101-PPT.jpg;23.93;27.06;21.66;18.92
sf_1600102-PPT.jpg;26.11;23.65;21.56;23.04
sf_1600133-PPT.jpg;21.74;22.97;19.25;19.15
sf_1600134-PPT.jpg;30.22;23.32;24.46;22.83
sf_1600135-PPT.jpg;29.71;28.69;21.32;22.59
sf_1673034-PPT.jpg;29.87;21.73;21.0;22.01
sf_1858071-PPT.jpg;26.5;25.79;20.45;19.33
sf_1858074-PPT.jpg;26.52;26.38;20.0;18.88
sf_4387058-PPT.jpg;21.76;22.33;19.56;18.33
sf_5110009-PPT.jpg;25.86;20.43;20.82;19.0
sf_5360472-PPT.jpg;24.87;21.41;20.57;18.03
sf_5361210-PPT.jpg;24.47;23.55;20.95;18.29
sf_5367921-PPT.jpg;33.2;31.1;24.14;25.11
sf_5367922-PPT.jpg;27.97;26.88;23.8;24.63
sf_5367923-PPT.jpg;30.2;29.55;24.46;26.39
sf_5367924-PPT.jpg;27.73;28.79;24.2;26.72
sf_5438976-PPT.jpg;33.64;27.58;24.36;28.96
sf_5438977-PPT.jpg;28.95;27.86;24.05;25.89
sf_5438978-PPT.jpg;28.63;33.9;24.27;26.87
sf_5507023-PPT.jpg;24.11;23.37;21.1;20.29
sf_5507028-PPT.jpg;23.45;23.51;16.96;17.02
