Imagem;Q1;Q2;Q3;Q4;
hz_1224099-PPT.jpg;31.41;29.17;22.09;23.99
hz_1234055-PPT.jpg;31.71;28.72;23.57;23.86
hz_1234223-PPT.jpg;29.73;26.85;23.2;23.93
hz_1235128-PPT.jpg;28.21;26.89;24.16;22.79
hz_1235134-PPT.jpg;34.45;29.73;23.7;25.64
hz_1235167-PPT.jpg;30.08;24.75;21.2;20.56
hz_1236191-PPT.jpg;24.59;22.69;19.84;19.81
hz_1242061-PPT.jpg;25.38;31.55;23.78;20.25
hz_1327005-PPT.jpg;29.88;23.62;21.12;21.13
hz_1327006-PPT.jpg;36.7;20.77;18.4;17.77
hz_1327007-PPT.jpg;36.1;20.95;18.88;18.52
hz_1327010-PPT.jpg;27.48;24.68;19.48;17.97
hz_1432033-PPT.jpg;32.22;28.16;25.46;24.45
hz_1435039-PPT.jpg;28.7;24.95;21.54;21.63
hz_1435044-PPT.jpg;27.98;24.46;21.23;19.62
hz_1435166-PPT.jpg;26.49;22.01;20.07;17.99
hz_1472066-PPT.jpg;27.67;25.99;22.11;22.63
hz_1472071-PPT.jpg;28.83;24.53;21.09;19.2
hz_1472072-PPT.jpg;26.46;27.05;22.7;20.26
hz_1599057-PPT.jpg;32.33;27.84;24.22;25.8
hz_1599059-PPT.jpg;34.57;29.21;24.79;24.22
hz_1599060-PPT.jpg;30.09;28.65;22.72;24.41
hz_1599434-PPT.jpg;33.51;30.14;25.83;23.76
hz_1599436-PPT.jpg;34.03;30.51;24.39;24.47
hz_1599438-PPT.jpg;32.83;30.32;24.13;25.71
hz_1599880-PPT.jpg;27.75;23.59;21.67;21.6
hz_1599958-PPT.jpg;26.87;27.82;24.0;18.93
hz_1599992-PPT.jpg;28.16;26.2;23.86;21.16
hz_1599995-PPT.jpg;30.9;24.54;21.46;23.93
hz_1599996-PPT.jpg;28.31;24.49;22.23;20.09
hz_1599997-PPT.jpg;28.41;26.71;23.33;21.6
hz_1600092-PPT.jpg;26.75;22.88;20.53;20.56
hz_1600093-PPT.jpg;24.23;21.81;20.36;19.65
hz_5360671-PPT.jpg;30.48;29.34;23.01;21.0
hz_5360672-PPT.jpg;26.19;24.54;21.45;19.48
hz_5361215-PPT.jpg;28.38;26.2;22.84;22.32
hz_5506206-PPT.jpg;27.09;25.5;22.67;23.69
hz_5506207-PPT.jpg;26.72;27.3;23.62;22.83
hz_5511469-PPT.jpg;31.1;27.47;22.69;23.46
hz_5520223-PPT.jpg;28.45;27.44;22.78;20.63
hz_imagem_64.jpg;34.36;25.2;26.92;22.88
hz_imagem_68.jpg;28.28;25.16;24.08;22.41
sf_1235063-PPT.jpg;26.42;30.84;24.77;24.72
sf_1235064-PPT.jpg;27.08;28.55;24.49;25.18
sf_1235135-PPT.jpg;26.92;24.91;22.35;21.05
sf_1320022-PPT.jpg;27.1;21.72;20.89;21.15
sf_1327032-PPT.jpg;34.26;30.87;22.92;23.11
sf_1327071-PPT.jpg;32.27;23.07;22.62;22.66
sf_1327072-PPT.jpg;29.02;27.12;24.05;22.07
sf_1327073-PPT.jpg;26.69;24.13;18.74;20.73
sf_1435040-PPT.jpg;25.92;23.28;22.45;19.05
sf_1435163-PPT.jpg;33.37;25.77;24.33;24.02
sf_1481171-PPT.jpg;28.76;21.56;20.48;21.6
sf_1599072-PPT.jpg;34.22;25.13;24.41;22.98
sf_1599073-PPT.jpg;30.87;25.56;22.16;24.38
sf_1599417-PPT.jpg;28.92;24.98;19.64;21.41
sf_1599419-PPT.jpg;31.77;26.54;23.11;22.75
sf_1599420-PPT.jpg;32.41;28.24;23.32;25.4
sf_1599888-PPT.jpg;38.97;27.53;24.45;26.38
sf_1599889-PPT.jpg;38.96;27.68;24.38;26.38
sf_1599890-PPT.jpg;36.59;25.84;23.78;25.12
sf_1599891-PPT.jpg;32.71;26.23;24.27;24.27
sf_1599892-PPT.jpg;29.8;28.18;23.89;23.65
sf_1599893-PPT.jpg;24.92;22.44;18.57;17.98
sf_1599894-PPT.jpg;29.79;21.75;18.98;17.32
sf_1599998-PPT.jpg;31.69;24.69;23.05;23.6
sf_1599999-PPT.jpg;31.67;24.55;23.09;23.32
sf_1600000-PPT.jpg;29.7;27.14;22.12;21.75
sf_1600001-PPT.jpg;28.24;22.77;21.01;21.81
sf_1600003-PPT.jpg;28.2;25.99;22.84;23.4
sf_1600004-PPT.jpg;38.52;27.82;22.22;22.09
sf_1600005-PPT.jpg;31.33;24.53;21.64;21.9
sf_1600006-PPT.jpg;28.21;25.95;22.87;23.57
sf_1600007-PPT.jpg;30.2;25.31;21.02;21.63
sf_1600008-PPT.jpg;28.15;25.6;21.41;20.57
sf_1600009-PPT.jpg;27.98;27.93;21.78;20.56
sf_1600010-PPT.jpg;27.9;23.12;20.65;19.43
sf_1600011-PPT.jpg;34.72;28.92;24.35;25.69
sf_1600099-PPT.jpg;28.46;25.45;21.8;21.26
sf_1600101-PPT.jpg;28.5;28.25;22.1;19.63
sf_1600102-PPT.jpg;30.73;27.02;23.85;24.22
sf_1600133-PPT.jpg;27.0;23.35;21.28;20.91
sf_1600134-PPT.jpg;33.12;26.1;25.17;23.8
sf_1600135-PPT.jpg;32.97;29.53;23.53;23.91
sf_1673034-PPT.jpg;33.48;24.17;22.67;22.41
sf_1858071-PPT.jpg;31.28;28.15;21.13;20.03
sf_1858074-PPT.jpg;30.46;27.61;20.64;19.48
sf_4387058-PPT.jpg;25.74;24.37;20.05;18.48
sf_5110009-PPT.jpg;29.1;21.77;22.19;19.78
sf_5360472-PPT.jpg;28.92;21.92;21.76;18.49
sf_5361210-PPT.jpg;28.0;24.77;22.41;19.16
sf_5367921-PPT.jpg;36.82;30.88;25.12;25.67
sf_5367922-PPT.jpg;31.73;28.82;24.98;24.9
sf_5367923-PPT.jpg;33.37;30.75;25.67;26.24
sf_5367924-PPT.jpg;31.2;30.04;25.41;26.46
sf_5438976-PPT.jpg;37.4;29.86;25.34;27.64
sf_5438977-PPT.jpg;35.01;29.88;25.91;26.4
sf_5438978-PPT.jpg;32.27;32.06;25.14;26.13
sf_5507023-PPT.jpg;28.42;26.27;21.83;20.25
sf_5507028-PPT.jpg;28.28;26.15;17.65;17.45
