Imagem;Q1;Q2;Q3;Q4;
hz_1224099-PPT.jpg;8.09;11.76;12.72;11.51
hz_1234055-PPT.jpg;5.94;6.39;5.53;5.76
hz_1234223-PPT.jpg;3.48;5.25;8.99;7.51
hz_1235128-PPT.jpg;6.73;12.44;7.6;5.69
hz_1235134-PPT.jpg;3.65;3.81;7.32;7.39
hz_1235167-PPT.jpg;10.16;10.01;3.46;8.81
hz_1236191-PPT.jpg;6.44;4.74;7.83;8.59
hz_1242061-PPT.jpg;9.51;10.4;10.26;9.94
hz_1327005-PPT.jpg;25.84;3.73;7.77;8.47
hz_1327006-PPT.jpg;19.62;17.74;10.82;10.24
hz_1327007-PPT.jpg;24.98;17.9;11.65;11.49
hz_1327010-PPT.jpg;2.81;4.96;4.04;2.01
hz_1432033-PPT.jpg;7.73;8.37;9.26;11.39
hz_1435039-PPT.jpg;3.37;5.74;8.83;7.29
hz_1435044-PPT.jpg;9.3;9.86;5.96;5.99
hz_1435166-PPT.jpg;12.66;5.11;8.32;10.01
hz_1472066-PPT.jpg;6.01;5.14;3.99;5.7
hz_1472071-PPT.jpg;2.86;3.5;4.23;2.88
hz_1472072-PPT.jpg;8.1;4.34;6.93;3.71
hz_1599057-PPT.jpg;4.85;5.57;6.6;7.61
hz_1599059-PPT.jpg;7.45;9.15;9.71;10.62
hz_1599060-PPT.jpg;8.78;7.3;10.2;9.19
hz_1599434-PPT.jpg;7.4;7.13;8.81;9.72
hz_1599436-PPT.jpg;7.55;7.34;10.44;8.16
hz_1599438-PPT.jpg;8.04;6.2;6.72;7.0
hz_1599880-PPT.jpg;13.09;11.01;9.45;7.74
hz_1599958-PPT.jpg;11.59;5.14;7.18;10.91
hz_1599992-PPT.jpg;6.0;4.51;6.8;4.06
hz_1599995-PPT.jpg;17.8;10.18;9.9;9.08
hz_1599996-PPT.jpg;6.53;10.2;10.01;12.3
hz_1599997-PPT.jpg;6.61;7.87;7.82;6.58
hz_1600092-PPT.jpg;9.47;7.03;5.31;7.86
hz_1600093-PPT.jpg;10.45;9.79;8.42;6.27
hz_5360671-PPT.jpg;7.54;9.84;12.03;12.54
hz_5360672-PPT.jpg;9.22;9.85;4.21;10.89
hz_5361215-PPT.jpg;5.57;4.09;4.99;8.98
hz_5506206-PPT.jpg;7.94;13.16;8.87;7.41
hz_5506207-PPT.jpg;10.3;7.59;11.77;6.71
hz_5511469-PPT.jpg;3.69;5.78;8.87;6.94
hz_5520223-PPT.jpg;3.53;9.01;11.81;8.59
hz_imagem_64.jpg;2.86;4.81;8.42;8.91
hz_imagem_68.jpg;6.89;7.94;5.53;6.31
sf_1235063-PPT.jpg;6.31;5.61;7.57;7.17
sf_1235064-PPT.jpg;5.73;7.22;7.59;7.7
sf_1235135-PPT.jpg;7.73;9.19;7.25;5.73
sf_1320022-PPT.jpg;16.16;9.16;8.46;8.53
sf_1327032-PPT.jpg;3.68;5.62;6.88;6.0
sf_1327071-PPT.jpg;15.83;17.46;11.73;11.91
sf_1327072-PPT.jpg;4.94;7.61;10.7;11.12
sf_1327073-PPT.jpg;11.22;6.62;9.29;6.74
sf_1435040-PPT.jpg;14.81;14.59;3.5;2.35
sf_1435163-PPT.jpg;8.7;9.75;10.05;9.39
sf_1481171-PPT.jpg;23.32;17.03;11.34;8.54
sf_1599072-PPT.jpg;14.5;11.89;9.07;11.56
sf_1599073-PPT.jpg;7.25;11.61;3.77;8.62
sf_1599417-PPT.jpg;5.54;4.92;3.53;7.17
sf_1599419-PPT.jpg;15.14;7.64;9.7;10.72
sf_1599420-PPT.jpg;6.87;9.47;4.69;8.69
sf_1599888-PPT.jpg;3.56;5.76;6.13;6.98
sf_1599889-PPT.jpg;3.56;5.76;6.14;6.99
sf_1599890-PPT.jpg;3.56;5.91;6.62;7.32
sf_1599891-PPT.jpg;3.42;3.29;7.14;7.24
sf_1599892-PPT.jpg;5.08;5.0;7.2;6.22
sf_1599893-PPT.jpg;6.13;14.03;15.42;14.72
sf_1599894-PPT.jpg;23.02;17.82;15.63;14.56
sf_1599998-PPT.jpg;6.97;5.05;4.94;7.69
sf_1599999-PPT.jpg;6.97;5.04;4.94;7.68
sf_1600000-PPT.jpg;2.94;5.38;7.1;7.12
sf_1600001-PPT.jpg;11.53;14.13;9.55;6.08
sf_1600003-PPT.jpg;3.71;4.15;8.62;4.57
sf_1600004-PPT.jpg;18.46;12.33;5.17;5.55
sf_1600005-PPT.jpg;17.57;16.4;3.36;4.07
sf_1600006-PPT.jpg;3.71;4.17;8.62;4.58
sf_1600007-PPT.jpg;5.7;2.76;4.84;8.18
sf_1600008-PPT.jpg;10.69;9.8;12.56;12.39
sf_1600009-PPT.jpg;5.63;7.72;10.03;8.57
sf_1600010-PPT.jpg;6.28;7.99;5.18;3.25
sf_1600011-PPT.jpg;6.2;6.56;8.07;10.37
sf_1600099-PPT.jpg;2.14;3.63;5.55;5.02
sf_1600101-PPT.jpg;3.48;4.64;4.52;3.54
sf_1600102-PPT.jpg;5.35;6.79;7.21;8.31
sf_1600133-PPT.jpg;9.33;17.91;9.57;9.91
sf_1600134-PPT.jpg;7.96;8.97;9.78;9.48
sf_1600135-PPT.jpg;6.09;4.75;7.34;8.24
sf_1673034-PPT.jpg;9.69;6.9;6.63;10.21
sf_1858071-PPT.jpg;10.29;9.82;8.25;10.53
sf_1858074-PPT.jpg;8.62;10.23;12.52;5.25
sf_4387058-PPT.jpg;6.91;15.35;14.09;14.6
sf_5110009-PPT.jpg;18.46;15.06;7.73;7.78
sf_5360472-PPT.jpg;10.42;17.67;9.86;12.21
sf_5361210-PPT.jpg;12.0;9.08;8.64;10.78
sf_5367921-PPT.jpg;5.87;6.85;8.33;8.11
sf_5367922-PPT.jpg;5.57;6.48;8.22;8.35
sf_5367923-PPT.jpg;5.1;6.14;6.77;7.39
sf_5367924-PPT.jpg;5.82;7.51;8.28;8.34
sf_5438976-PPT.jpg;7.79;8.84;7.18;7.19
sf_5438977-PPT.jpg;7.13;6.64;9.29;9.03
sf_5438978-PPT.jpg;7.27;8.29;10.01;9.97
sf_5507023-PPT.jpg;3.89;4.59;3.17;2.86
sf_5507028-PPT.jpg;11.8;5.67;11.81;8.56
