Imagem;Q1;Q2;Q3;Q4;
hz_1224099-PPT.jpg;26.78;26.83;20.22;23.15
hz_1234055-PPT.jpg;28.42;27.67;22.19;22.55
hz_1234223-PPT.jpg;26.14;24.64;21.5;22.63
hz_1235128-PPT.jpg;24.86;25.72;22.98;21.77
hz_1235134-PPT.jpg;30.41;28.67;22.6;24.52
hz_1235167-PPT.jpg;27.13;22.22;20.29;18.91
hz_1236191-PPT.jpg;19.63;19.79;17.64;17.92
hz_1242061-PPT.jpg;20.46;31.53;22.06;17.71
hz_1327005-PPT.jpg;26.82;22.87;18.92;19.34
hz_1327006-PPT.jpg;30.72;21.51;18.31;16.78
hz_1327007-PPT.jpg;31.94;22.43;19.09;17.57
hz_1327010-PPT.jpg;23.54;21.86;18.21;17.53
hz_1432033-PPT.jpg;27.66;24.87;24.04;22.81
hz_1435039-PPT.jpg;24.48;21.96;19.83;20.06
hz_1435044-PPT.jpg;24.3;23.02;18.97;18.52
hz_1435166-PPT.jpg;21.9;18.79;17.61;17.19
hz_1472066-PPT.jpg;23.97;24.19;20.96;21.26
hz_1472071-PPT.jpg;25.27;22.5;19.5;18.69
hz_1472072-PPT.jpg;22.71;25.25;21.04;19.55
hz_1599057-PPT.jpg;28.36;24.99;22.12;24.17
hz_1599059-PPT.jpg;29.41;26.2;23.37;22.58
hz_1599060-PPT.jpg;25.37;25.75;21.68;22.41
hz_1599434-PPT.jpg;28.95;29.11;25.16;22.17
hz_1599436-PPT.jpg;29.7;28.54;22.87;23.25
hz_1599438-PPT.jpg;28.12;29.7;22.04;24.46
hz_1599880-PPT.jpg;24.63;21.32;20.3;19.8
hz_1599958-PPT.jpg;22.94;25.36;21.71;18.75
hz_1599992-PPT.jpg;23.98;24.57;22.74;20.42
hz_1599995-PPT.jpg;26.44;21.84;19.83;22.12
hz_1599996-PPT.jpg;24.38;21.54;20.5;19.01
hz_1599997-PPT.jpg;23.97;23.84;21.18;19.43
hz_1600092-PPT.jpg;22.68;21.21;18.13;18.38
hz_1600093-PPT.jpg;19.41;19.38;18.23;17.67
hz_5360671-PPT.jpg;26.21;29.01;22.29;20.3
hz_5360672-PPT.jpg;22.04;23.32;19.98;18.47
hz_5361215-PPT.jpg;24.78;24.83;21.47;21.16
hz_5506206-PPT.jpg;22.81;24.51;21.11;21.52
hz_5506207-PPT.jpg;22.45;24.74;22.48;21.51
hz_5511469-PPT.jpg;26.23;25.14;21.43;21.67
hz_5520223-PPT.jpg;24.84;24.72;22.0;18.77
hz_imagem_64.jpg;27.84;23.77;25.37;21.73
hz_imagem_68.jpg;23.96;21.93;21.99;20.86
sf_1235063-PPT.jpg;22.74;30.96;23.26;23.39
sf_1235064-PPT.jpg;21.21;24.04;22.12;23.22
sf_1235135-PPT.jpg;23.56;23.58;20.72;19.89
sf_1320022-PPT.jpg;23.83;20.2;18.41;19.13
sf_1327032-PPT.jpg;29.22;28.43;20.62;21.52
sf_1327071-PPT.jpg;27.87;25.26;21.22;21.25
sf_1327072-PPT.jpg;25.04;24.53;22.57;21.04
sf_1327073-PPT.jpg;22.98;21.7;18.51;19.08
sf_1435040-PPT.jpg;22.75;22.09;21.32;18.76
sf_1435163-PPT.jpg;30.25;22.93;23.33;22.35
sf_1481171-PPT.jpg;24.98;22.69;19.71;20.36
sf_1599072-PPT.jpg;28.86;24.1;23.01;21.9
sf_1599073-PPT.jpg;27.22;23.71;21.27;23.52
sf_1599417-PPT.jpg;25.04;24.33;19.76;19.85
sf_1599419-PPT.jpg;26.74;23.12;22.06;21.65
sf_1599420-PPT.jpg;28.91;26.27;21.7;24.73
sf_1599888-PPT.jpg;33.66;25.54;22.6;25.96
sf_1599889-PPT.jpg;33.66;25.61;22.55;25.87
sf_1599890-PPT.jpg;31.87;23.1;21.68;23.62
sf_1599891-PPT.jpg;28.75;23.99;22.25;23.11
sf_1599892-PPT.jpg;24.82;25.49;21.45;21.75
sf_1599893-PPT.jpg;22.5;21.64;19.4;17.71
sf_1599894-PPT.jpg;26.71;22.76;19.77;17.18
sf_1599998-PPT.jpg;28.41;22.11;21.14;22.15
sf_1599999-PPT.jpg;28.4;22.07;21.15;22.06
sf_1600000-PPT.jpg;23.86;25.78;19.91;19.97
sf_1600001-PPT.jpg;23.42;20.24;19.91;20.15
sf_1600003-PPT.jpg;24.6;24.64;21.03;22.49
sf_1600004-PPT.jpg;35.78;25.13;20.82;20.51
sf_1600005-PPT.jpg;27.89;25.42;20.92;20.47
sf_1600006-PPT.jpg;24.59;24.65;21.06;22.54
sf_1600007-PPT.jpg;25.72;25.12;19.77;20.68
sf_1600008-PPT.jpg;22.97;22.96;20.13;19.25
sf_1600009-PPT.jpg;23.92;25.54;20.78;19.77
sf_1600010-PPT.jpg;23.92;20.32;19.86;18.5
sf_1600011-PPT.jpg;31.67;26.58;22.65;24.62
sf_1600099-PPT.jpg;24.02;25.27;19.93;19.63
sf_1600101-PPT.jpg;23.93;26.85;22.18;18.66
sf_1600102-PPT.jpg;26.11;23.62;21.46;22.35
sf_1600133-PPT.jpg;21.74;25.04;19.29;18.75
sf_1600134-PPT.jpg;30.22;23.32;24.06;22.25
sf_1600135-PPT.jpg;29.72;28.21;21.37;22.0
sf_1673034-PPT.jpg;29.86;21.73;20.98;21.26
sf_1858071-PPT.jpg;26.5;25.72;20.76;18.78
sf_1858074-PPT.jpg;26.53;26.61;20.69;18.63
sf_4387058-PPT.jpg;21.76;22.81;20.22;17.84
sf_5110009-PPT.jpg;25.85;21.71;20.71;18.67
sf_5360472-PPT.jpg;24.87;24.12;21.01;17.98
sf_5361210-PPT.jpg;24.47;24.73;21.14;18.2
sf_5367921-PPT.jpg;33.2;31.38;24.21;24.92
sf_5367922-PPT.jpg;27.97;26.85;23.84;24.2
sf_5367923-PPT.jpg;30.2;29.52;24.31;25.87
sf_5367924-PPT.jpg;27.73;28.9;24.23;26.52
sf_5438976-PPT.jpg;33.64;27.44;24.25;28.52
sf_5438977-PPT.jpg;28.95;27.64;24.04;25.36
sf_5438978-PPT.jpg;28.63;34.19;24.02;25.54
sf_5507023-PPT.jpg;24.11;23.33;21.26;19.45
sf_5507028-PPT.jpg;23.45;23.63;17.87;16.93
