Imagem;Q1;Q2;Q3;Q4;
hz_1224099-PPT.jpg;6.39;10.22;10.28;9.82
hz_1234055-PPT.jpg;4.87;5.53;4.83;5.12
hz_1234223-PPT.jpg;2.7;4.19;7.38;6.46
hz_1235128-PPT.jpg;5.25;10.17;6.24;4.96
hz_1235134-PPT.jpg;3.34;3.24;6.33;6.56
hz_1235167-PPT.jpg;9.47;8.45;3.01;7.03
hz_1236191-PPT.jpg;4.63;3.83;6.1;6.9
hz_1242061-PPT.jpg;8.49;9.15;8.8;8.35
hz_1327005-PPT.jpg;17.7;2.79;6.52;7.17
hz_1327006-PPT.jpg;14.8;11.2;6.91;7.37
hz_1327007-PPT.jpg;19.42;11.99;7.85;8.43
hz_1327010-PPT.jpg;2.21;4.15;3.41;2.12
hz_1432033-PPT.jpg;7.06;6.97;7.98;9.93
hz_1435039-PPT.jpg;2.63;4.34;6.82;5.88
hz_1435044-PPT.jpg;5.56;7.05;4.86;4.74
hz_1435166-PPT.jpg;7.04;4.07;6.59;6.84
hz_1472066-PPT.jpg;3.77;4.14;3.46;4.97
hz_1472071-PPT.jpg;2.36;2.89;3.51;2.74
hz_1472072-PPT.jpg;5.41;3.68;5.63;3.38
hz_1599057-PPT.jpg;4.06;4.78;5.72;6.68
hz_1599059-PPT.jpg;6.39;7.77;8.36;9.11
hz_1599060-PPT.jpg;7.39;6.23;8.1;7.92
hz_1599434-PPT.jpg;6.26;6.09;7.66;8.17
hz_1599436-PPT.jpg;6.87;6.42;8.86;6.94
hz_1599438-PPT.jpg;7.4;5.26;5.64;6.19
hz_1599880-PPT.jpg;10.88;8.91;7.77;6.45
hz_1599958-PPT.jpg;8.19;4.41;6.05;7.86
hz_1599992-PPT.jpg;4.73;3.48;5.59;3.63
hz_1599995-PPT.jpg;14.3;7.6;7.62;7.71
hz_1599996-PPT.jpg;4.96;8.11;8.26;9.75
hz_1599997-PPT.jpg;5.43;6.71;6.62;5.61
hz_1600092-PPT.jpg;5.82;4.71;4.48;6.5
hz_1600093-PPT.jpg;6.75;6.39;6.67;5.33
hz_5360671-PPT.jpg;6.04;8.49;10.0;10.12
hz_5360672-PPT.jpg;7.02;6.85;3.56;8.29
hz_5361215-PPT.jpg;4.35;3.28;4.2;7.65
hz_5506206-PPT.jpg;6.43;10.61;7.22;6.42
hz_5506207-PPT.jpg;7.92;6.33;9.96;5.6
hz_5511469-PPT.jpg;3.02;4.82;7.07;6.04
hz_5520223-PPT.jpg;3.08;7.6;9.76;6.65
hz_imagem_64.jpg;2.36;3.61;7.12;7.21
hz_imagem_68.jpg;6.33;6.99;4.72;5.47
sf_1235063-PPT.jpg;5.74;4.81;6.54;6.39
sf_1235064-PPT.jpg;5.2;6.27;6.64;6.85
sf_1235135-PPT.jpg;4.61;5.81;5.71;4.67
sf_1320022-PPT.jpg;8.17;6.62;7.31;7.1
sf_1327032-PPT.jpg;3.25;4.92;6.08;5.37
sf_1327071-PPT.jpg;12.54;13.22;9.91;10.34
sf_1327072-PPT.jpg;4.47;6.36;9.22;9.31
sf_1327073-PPT.jpg;6.69;4.9;5.92;5.56
sf_1435040-PPT.jpg;9.7;10.63;3.07;2.36
sf_1435163-PPT.jpg;7.62;8.56;8.77;8.04
sf_1481171-PPT.jpg;14.35;11.61;9.0;7.02
sf_1599072-PPT.jpg;12.66;9.0;7.79;9.85
sf_1599073-PPT.jpg;6.53;9.03;3.2;7.45
sf_1599417-PPT.jpg;5.02;3.76;2.8;5.82
sf_1599419-PPT.jpg;11.12;6.3;7.59;8.68
sf_1599420-PPT.jpg;6.15;7.74;3.97;7.56
sf_1599888-PPT.jpg;3.34;4.84;5.32;6.19
sf_1599889-PPT.jpg;3.34;4.83;5.33;6.19
sf_1599890-PPT.jpg;3.26;4.81;5.63;6.37
sf_1599891-PPT.jpg;3.03;2.88;6.09;6.28
sf_1599892-PPT.jpg;4.58;4.35;6.22;5.47
sf_1599893-PPT.jpg;5.48;9.61;10.34;10.91
sf_1599894-PPT.jpg;16.23;12.45;11.29;10.46
sf_1599998-PPT.jpg;5.73;4.22;4.3;6.45
sf_1599999-PPT.jpg;5.73;4.23;4.29;6.44
sf_1600000-PPT.jpg;2.68;4.27;5.65;5.85
sf_1600001-PPT.jpg;8.37;11.19;7.16;5.21
sf_1600003-PPT.jpg;3.23;3.48;7.16;4.16
sf_1600004-PPT.jpg;16.81;10.61;4.22;4.78
sf_1600005-PPT.jpg;13.68;12.5;2.89;3.71
sf_1600006-PPT.jpg;3.23;3.49;7.16;4.16
sf_1600007-PPT.jpg;4.15;2.32;3.98;6.51
sf_1600008-PPT.jpg;8.24;7.73;9.59;9.99
sf_1600009-PPT.jpg;4.85;6.27;7.42;6.54
sf_1600010-PPT.jpg;4.49;6.24;3.93;3.08
sf_1600011-PPT.jpg;5.6;5.74;6.97;9.07
sf_1600099-PPT.jpg;1.88;2.98;4.51;4.39
sf_1600101-PPT.jpg;2.64;3.84;3.71;3.24
sf_1600102-PPT.jpg;4.58;5.87;6.21;7.07
sf_1600133-PPT.jpg;7.3;12.8;7.66;8.02
sf_1600134-PPT.jpg;7.38;8.01;8.27;8.16
sf_1600135-PPT.jpg;4.98;4.05;6.22;6.91
sf_1673034-PPT.jpg;8.39;5.63;5.63;8.26
sf_1858071-PPT.jpg;8.71;8.45;5.8;7.84
sf_1858074-PPT.jpg;7.31;8.33;9.11;4.2
sf_4387058-PPT.jpg;4.55;10.71;9.02;10.77
sf_5110009-PPT.jpg;13.23;9.79;6.22;5.89
sf_5360472-PPT.jpg;8.1;12.13;7.89;9.03
sf_5361210-PPT.jpg;9.05;6.95;7.08;8.34
sf_5367921-PPT.jpg;5.82;6.08;7.23;7.18
sf_5367922-PPT.jpg;5.28;5.71;7.22;7.26
sf_5367923-PPT.jpg;5.01;5.44;5.89;6.48
sf_5367924-PPT.jpg;5.63;6.69;7.23;7.34
sf_5438976-PPT.jpg;7.27;7.82;6.29;6.34
sf_5438977-PPT.jpg;6.72;5.68;8.19;7.87
sf_5438978-PPT.jpg;6.84;7.32;8.75;8.69
sf_5507023-PPT.jpg;3.02;3.87;2.8;2.79
sf_5507028-PPT.jpg;8.65;4.85;6.64;5.63
