Imagem;Q1;Q2;Q3;Q4;
hz_1224099-PPT.jpg;31.41;28.98;21.93;22.84
hz_1234055-PPT.jpg;31.71;29.15;23.28;23.13
hz_1234223-PPT.jpg;29.72;27.4;23.02;23.37
hz_1235128-PPT.jpg;28.22;27.2;24.12;22.24
hz_1235134-PPT.jpg;34.44;29.11;23.9;25.32
hz_1235167-PPT.jpg;30.08;24.78;21.28;20.03
hz_1236191-PPT.jpg;24.6;23.47;20.11;19.39
hz_1242061-PPT.jpg;25.39;31.59;23.63;19.79
hz_1327005-PPT.jpg;29.89;24.52;21.16;20.74
hz_1327006-PPT.jpg;36.71;23.44;19.28;17.57
hz_1327007-PPT.jpg;36.09;23.57;19.74;18.07
hz_1327010-PPT.jpg;27.49;24.9;19.88;17.55
hz_1432033-PPT.jpg;32.21;28.33;25.66;23.16
hz_1435039-PPT.jpg;28.71;25.58;21.63;20.89
hz_1435044-PPT.jpg;27.98;25.56;21.23;19.29
hz_1435166-PPT.jpg;26.49;22.46;20.19;17.8
hz_1472066-PPT.jpg;27.67;26.58;22.2;21.94
hz_1472071-PPT.jpg;28.83;25.16;21.27;18.84
hz_1472072-PPT.jpg;26.45;27.21;22.53;19.7
hz_1599057-PPT.jpg;32.31;28.18;23.99;24.81
hz_1599059-PPT.jpg;34.58;29.35;24.88;23.34
hz_1599060-PPT.jpg;30.1;28.99;22.97;23.67
hz_1599434-PPT.jpg;33.51;30.69;26.33;22.86
hz_1599436-PPT.jpg;34.04;31.17;24.22;23.84
hz_1599438-PPT.jpg;32.83;30.96;24.03;25.24
hz_1599880-PPT.jpg;27.75;23.77;21.79;20.82
hz_1599958-PPT.jpg;26.87;27.97;23.94;18.95
hz_1599992-PPT.jpg;28.15;27.21;24.04;20.54
hz_1599995-PPT.jpg;30.89;25.86;21.59;23.1
hz_1599996-PPT.jpg;28.31;24.9;22.42;19.56
hz_1599997-PPT.jpg;28.41;26.98;23.33;20.84
hz_1600092-PPT.jpg;26.75;23.84;20.72;20.12
hz_1600093-PPT.jpg;24.22;22.84;20.73;19.33
hz_5360671-PPT.jpg;30.48;30.33;23.36;20.47
hz_5360672-PPT.jpg;26.19;25.47;21.61;19.13
hz_5361215-PPT.jpg;28.37;26.66;22.74;22.31
hz_5506206-PPT.jpg;27.09;26.38;22.75;23.06
hz_5506207-PPT.jpg;26.73;27.67;23.71;22.08
hz_5511469-PPT.jpg;31.1;28.01;22.99;22.88
hz_5520223-PPT.jpg;28.45;27.61;22.94;19.83
hz_imagem_64.jpg;34.38;26.07;26.66;22.18
hz_imagem_68.jpg;28.28;25.38;23.73;21.8
sf_1235063-PPT.jpg;26.41;31.37;24.83;24.6
sf_1235064-PPT.jpg;27.08;29.03;24.61;24.67
sf_1235135-PPT.jpg;26.92;25.4;22.2;20.31
sf_1320022-PPT.jpg;27.11;22.68;21.04;20.75
sf_1327032-PPT.jpg;34.27;31.3;23.05;22.59
sf_1327071-PPT.jpg;32.27;25.72;22.56;21.78
sf_1327072-PPT.jpg;29.03;27.39;23.9;21.53
sf_1327073-PPT.jpg;26.69;24.41;19.6;20.08
sf_1435040-PPT.jpg;25.91;24.12;22.28;18.6
sf_1435163-PPT.jpg;33.36;25.93;24.33;23.27
sf_1481171-PPT.jpg;28.77;24.21;21.16;21.21
sf_1599072-PPT.jpg;34.21;26.27;24.59;22.19
sf_1599073-PPT.jpg;30.86;26.24;22.0;24.15
sf_1599417-PPT.jpg;28.91;26.5;20.57;20.69
sf_1599419-PPT.jpg;31.75;26.61;23.15;21.74
sf_1599420-PPT.jpg;32.42;28.35;22.89;25.28
sf_1599888-PPT.jpg;38.96;27.74;24.5;26.1
sf_1599889-PPT.jpg;38.95;27.81;24.39;26.03
sf_1599890-PPT.jpg;36.6;25.88;23.87;24.25
sf_1599891-PPT.jpg;32.72;26.16;24.2;23.79
sf_1599892-PPT.jpg;29.8;28.55;23.95;22.77
sf_1599893-PPT.jpg;24.92;23.53;19.69;17.63
sf_1599894-PPT.jpg;29.79;23.79;20.12;17.19
sf_1599998-PPT.jpg;31.67;24.83;22.92;22.79
sf_1599999-PPT.jpg;31.67;24.78;22.9;22.59
sf_1600000-PPT.jpg;29.69;27.91;22.01;21.22
sf_1600001-PPT.jpg;28.25;23.93;21.51;21.18
sf_1600003-PPT.jpg;28.2;26.19;22.65;22.37
sf_1600004-PPT.jpg;38.5;27.49;22.22;21.11
sf_1600005-PPT.jpg;31.33;26.1;21.69;20.66
sf_1600006-PPT.jpg;28.2;26.2;22.77;22.48
sf_1600007-PPT.jpg;30.2;26.57;21.2;21.17
sf_1600008-PPT.jpg;28.15;26.09;21.55;19.97
sf_1600009-PPT.jpg;28.0;27.93;22.03;20.25
sf_1600010-PPT.jpg;27.9;23.53;21.07;18.96
sf_1600011-PPT.jpg;34.7;29.3;24.41;24.5
sf_1600099-PPT.jpg;28.47;26.7;21.81;20.5
sf_1600101-PPT.jpg;28.49;28.28;22.66;19.24
sf_1600102-PPT.jpg;30.73;27.28;23.85;23.41
sf_1600133-PPT.jpg;27.01;25.52;21.37;20.25
sf_1600134-PPT.jpg;33.13;26.38;24.81;23.11
sf_1600135-PPT.jpg;32.97;29.48;23.78;23.14
sf_1673034-PPT.jpg;33.49;24.35;22.77;21.61
sf_1858071-PPT.jpg;31.28;28.43;21.54;19.38
sf_1858074-PPT.jpg;30.47;28.33;21.39;19.15
sf_4387058-PPT.jpg;25.74;25.13;20.7;17.87
sf_5110009-PPT.jpg;29.11;23.55;22.11;19.32
sf_5360472-PPT.jpg;28.93;24.94;22.32;18.38
sf_5361210-PPT.jpg;28.0;26.59;22.84;18.97
sf_5367921-PPT.jpg;36.82;32.36;25.5;25.85
sf_5367922-PPT.jpg;31.72;29.22;25.29;24.61
sf_5367923-PPT.jpg;33.38;31.61;25.8;25.99
sf_5367924-PPT.jpg;31.2;31.26;25.76;26.6
sf_5438976-PPT.jpg;37.4;30.27;25.43;27.54
sf_5438977-PPT.jpg;35.01;30.19;26.16;26.0
sf_5438978-PPT.jpg;32.28;33.59;25.12;25.1
sf_5507023-PPT.jpg;28.42;26.34;22.06;19.38
sf_5507028-PPT.jpg;28.27;26.69;18.64;17.29
