Imagem;Q1;Q2;Q3;Q4;
hz_1224099-PPT.jpg;36.21;27.6;22.01;21.4
hz_1234055-PPT.jpg;38.5;28.86;23.51;21.84
hz_1234223-PPT.jpg;34.14;26.91;23.15;22.12
hz_1235128-PPT.jpg;33.42;26.63;23.46;21.13
hz_1235134-PPT.jpg;39.27;27.33;24.09;23.63
hz_1235167-PPT.jpg;34.99;26.97;21.21;19.64
hz_1236191-PPT.jpg;30.76;24.98;21.15;19.42
hz_1242061-PPT.jpg;31.85;28.77;23.63;19.53
hz_1327005-PPT.jpg;33.5;24.42;22.14;20.48
hz_1327006-PPT.jpg;41.38;22.93;19.34;17.45
hz_1327007-PPT.jpg;40.64;23.06;19.76;17.92
hz_1327010-PPT.jpg;33.78;26.5;20.59;16.92
hz_1432033-PPT.jpg;38.43;27.8;24.81;21.52
hz_1435039-PPT.jpg;33.37;25.94;22.08;19.95
hz_1435044-PPT.jpg;31.64;25.61;21.88;18.8
hz_1435166-PPT.jpg;31.28;24.62;21.68;17.53
hz_1472066-PPT.jpg;31.43;26.49;22.05;20.76
hz_1472071-PPT.jpg;34.3;25.68;21.39;18.03
hz_1472072-PPT.jpg;30.18;26.97;22.81;19.04
hz_1599057-PPT.jpg;36.43;27.73;24.05;23.11
hz_1599059-PPT.jpg;40.55;28.27;24.3;21.71
hz_1599060-PPT.jpg;35.28;28.48;22.53;22.27
hz_1599434-PPT.jpg;38.58;28.57;25.39;21.41
hz_1599436-PPT.jpg;39.1;29.21;23.75;22.2
hz_1599438-PPT.jpg;38.26;28.64;23.82;23.19
hz_1599880-PPT.jpg;31.95;25.75;22.7;20.47
hz_1599958-PPT.jpg;31.04;27.58;23.82;18.01
hz_1599992-PPT.jpg;31.76;26.15;23.61;19.41
hz_1599995-PPT.jpg;35.47;25.89;21.78;21.79
hz_1599996-PPT.jpg;33.12;26.1;22.56;18.79
hz_1599997-PPT.jpg;33.5;27.88;23.56;20.55
hz_1600092-PPT.jpg;31.66;24.44;21.61;19.97
hz_1600093-PPT.jpg;30.04;24.24;21.49;19.26
hz_5360671-PPT.jpg;35.58;28.49;22.82;19.52
hz_5360672-PPT.jpg;31.32;25.51;21.54;18.84
hz_5361215-PPT.jpg;33.1;26.35;22.8;21.41
hz_5506206-PPT.jpg;32.77;26.13;22.81;22.19
hz_5506207-PPT.jpg;32.57;27.68;23.05;21.02
hz_5511469-PPT.jpg;35.65;27.59;22.79;21.7
hz_5520223-PPT.jpg;33.25;27.77;22.72;19.48
hz_imagem_64.jpg;39.11;25.81;24.87;21.07
hz_imagem_68.jpg;36.49;28.14;23.59;21.17
sf_1235063-PPT.jpg;33.16;28.56;24.64;23.21
sf_1235064-PPT.jpg;35.15;28.22;24.39;22.94
sf_1235135-PPT.jpg;30.58;25.08;22.2;19.5
sf_1320022-PPT.jpg;30.74;24.39;22.94;20.59
sf_1327032-PPT.jpg;40.42;28.8;24.22;21.82
sf_1327071-PPT.jpg;37.56;24.51;22.82;20.91
sf_1327072-PPT.jpg;35.33;27.61;23.85;20.56
sf_1327073-PPT.jpg;30.28;25.2;19.76;19.75
sf_1435040-PPT.jpg;29.94;24.49;21.98;17.76
sf_1435163-PPT.jpg;37.34;27.56;24.43;22.2
sf_1481171-PPT.jpg;32.64;23.79;21.49;20.58
sf_1599072-PPT.jpg;38.28;25.86;24.28;20.84
sf_1599073-PPT.jpg;35.61;25.98;21.62;22.41
sf_1599417-PPT.jpg;35.09;26.13;20.36;19.91
sf_1599419-PPT.jpg;36.26;26.87;22.82;20.62
sf_1599420-PPT.jpg;36.45;27.67;22.43;23.1
sf_1599888-PPT.jpg;43.69;28.01;24.4;23.88
sf_1599889-PPT.jpg;43.66;27.89;24.16;23.58
sf_1599890-PPT.jpg;41.33;26.92;23.85;22.86
sf_1599891-PPT.jpg;38.4;26.19;24.11;22.44
sf_1599892-PPT.jpg;36.46;27.6;23.99;21.74
sf_1599893-PPT.jpg;31.8;24.49;19.29;17.03
sf_1599894-PPT.jpg;35.27;24.01;19.72;16.58
sf_1599998-PPT.jpg;35.17;26.1;23.05;21.49
sf_1599999-PPT.jpg;35.17;25.93;23.0;21.62
sf_1600000-PPT.jpg;37.23;27.19;22.21;20.31
sf_1600001-PPT.jpg;34.17;24.79;21.3;20.49
sf_1600003-PPT.jpg;33.84;26.41;23.29;20.85
sf_1600004-PPT.jpg;41.96;26.93;22.22;20.37
sf_1600005-PPT.jpg;35.79;25.28;21.31;19.71
sf_1600006-PPT.jpg;33.84;26.64;23.23;20.9
sf_1600007-PPT.jpg;34.69;25.53;21.4;20.29
sf_1600008-PPT.jpg;34.08;26.45;21.23;19.22
sf_1600009-PPT.jpg;32.74;27.5;21.82;19.43
sf_1600010-PPT.jpg;33.66;25.29;20.99;18.42
sf_1600011-PPT.jpg;39.04;28.74;24.57;22.74
sf_1600099-PPT.jpg;33.72;25.96;21.78;19.82
sf_1600101-PPT.jpg;33.63;27.34;22.25;18.52
sf_1600102-PPT.jpg;37.2;28.19;24.07;21.99
sf_1600133-PPT.jpg;32.66;24.49;21.85;19.7
sf_1600134-PPT.jpg;38.48;28.07;24.24;22.19
sf_1600135-PPT.jpg;36.02;27.77;23.7;21.69
sf_1673034-PPT.jpg;37.45;26.57;23.53;20.56
sf_1858071-PPT.jpg;36.59;27.9;21.22;18.91
sf_1858074-PPT.jpg;35.54;27.29;20.88;18.55
sf_4387058-PPT.jpg;29.75;24.88;20.17;17.24
sf_5110009-PPT.jpg;32.92;23.78;22.52;18.72
sf_5360472-PPT.jpg;35.4;23.9;22.47;18.0
sf_5361210-PPT.jpg;33.61;26.16;22.96;18.65
sf_5367921-PPT.jpg;44.25;29.6;24.94;23.97
sf_5367922-PPT.jpg;37.28;28.77;25.32;22.95
sf_5367923-PPT.jpg;39.53;29.26;24.89;23.57
sf_5367924-PPT.jpg;37.14;29.32;25.34;23.98
sf_5438976-PPT.jpg;40.6;28.89;24.99;24.06
sf_5438977-PPT.jpg;39.98;28.27;25.05;23.15
sf_5438978-PPT.jpg;37.37;29.84;24.41;22.92
sf_5507023-PPT.jpg;34.64;26.83;21.32;18.36
sf_5507028-PPT.jpg;32.06;26.91;18.41;16.89
