Imagem;Q1;Q2;Q3;Q4;
hz_1224099-PPT.jpg;6.82;10.34;10.49;9.87
hz_1234055-PPT.jpg;4.92;5.56;4.89;5.17
hz_1234223-PPT.jpg;2.75;4.27;7.6;6.55
hz_1235128-PPT.jpg;5.53;10.24;6.33;5.04
hz_1235134-PPT.jpg;3.38;3.27;6.44;6.61
hz_1235167-PPT.jpg;9.57;8.7;3.07;7.24
hz_1236191-PPT.jpg;4.96;3.99;6.47;7.05
hz_1242061-PPT.jpg;9.0;9.2;8.91;8.73
hz_1327005-PPT.jpg;19.13;2.87;6.69;7.38
hz_1327006-PPT.jpg;15.36;11.36;7.07;7.64
hz_1327007-PPT.jpg;19.89;12.15;7.99;8.58
hz_1327010-PPT.jpg;2.28;4.31;3.57;2.14
hz_1432033-PPT.jpg;7.21;7.08;8.06;10.03
hz_1435039-PPT.jpg;2.74;4.49;7.02;6.02
hz_1435044-PPT.jpg;5.83;7.26;5.05;4.81
hz_1435166-PPT.jpg;7.43;4.25;6.88;6.97
hz_1472066-PPT.jpg;3.88;4.2;3.53;5.04
hz_1472071-PPT.jpg;2.43;2.97;3.57;2.76
hz_1472072-PPT.jpg;5.61;3.74;5.74;3.4
hz_1599057-PPT.jpg;4.16;4.88;5.85;6.74
hz_1599059-PPT.jpg;6.5;7.92;8.54;9.22
hz_1599060-PPT.jpg;7.61;6.33;8.31;8.06
hz_1599434-PPT.jpg;6.35;6.16;7.72;8.38
hz_1599436-PPT.jpg;7.08;6.5;9.0;7.01
hz_1599438-PPT.jpg;7.52;5.32;5.74;6.27
hz_1599880-PPT.jpg;11.19;9.11;7.95;6.63
hz_1599958-PPT.jpg;8.46;4.46;6.14;7.92
hz_1599992-PPT.jpg;4.84;3.64;5.69;3.67
hz_1599995-PPT.jpg;14.94;8.21;7.9;7.87
hz_1599996-PPT.jpg;5.14;8.41;8.62;10.0
hz_1599997-PPT.jpg;5.58;6.76;6.73;5.7
hz_1600092-PPT.jpg;6.05;4.91;4.73;6.67
hz_1600093-PPT.jpg;7.07;6.66;6.96;5.61
hz_5360671-PPT.jpg;6.18;8.54;10.13;10.18
hz_5360672-PPT.jpg;7.32;7.01;3.67;8.42
hz_5361215-PPT.jpg;4.49;3.33;4.29;7.77
hz_5506206-PPT.jpg;6.63;10.81;7.33;6.53
hz_5506207-PPT.jpg;8.18;6.42;10.08;5.64
hz_5511469-PPT.jpg;3.11;4.89;7.32;6.11
hz_5520223-PPT.jpg;3.21;7.81;9.86;6.77
hz_imagem_64.jpg;2.47;3.75;7.26;7.31
hz_imagem_68.jpg;6.47;7.13;4.79;5.52
sf_1235063-PPT.jpg;5.82;4.85;6.58;6.45
sf_1235064-PPT.jpg;5.41;6.47;6.75;6.98
sf_1235135-PPT.jpg;4.85;5.94;5.84;4.76
sf_1320022-PPT.jpg;8.51;6.85;7.52;7.28
sf_1327032-PPT.jpg;3.37;4.98;6.19;5.48
sf_1327071-PPT.jpg;12.87;13.36;10.01;10.41
sf_1327072-PPT.jpg;4.57;6.49;9.31;9.43
sf_1327073-PPT.jpg;7.04;5.15;6.03;5.66
sf_1435040-PPT.jpg;10.31;11.07;3.1;2.36
sf_1435163-PPT.jpg;7.77;8.68;8.81;8.11
sf_1481171-PPT.jpg;15.13;11.8;9.21;7.13
sf_1599072-PPT.jpg;13.23;9.22;7.94;9.98
sf_1599073-PPT.jpg;6.68;9.29;3.26;7.54
sf_1599417-PPT.jpg;5.15;3.87;2.87;6.03
sf_1599419-PPT.jpg;11.49;6.51;7.7;8.79
sf_1599420-PPT.jpg;6.3;7.88;4.03;7.63
sf_1599888-PPT.jpg;3.38;4.94;5.43;6.24
sf_1599889-PPT.jpg;3.38;4.94;5.44;6.23
sf_1599890-PPT.jpg;3.29;4.92;5.76;6.44
sf_1599891-PPT.jpg;3.1;2.93;6.2;6.41
sf_1599892-PPT.jpg;4.68;4.46;6.37;5.56
sf_1599893-PPT.jpg;5.58;9.82;10.74;10.93
sf_1599894-PPT.jpg;17.02;12.66;11.54;10.49
sf_1599998-PPT.jpg;5.88;4.34;4.37;6.59
sf_1599999-PPT.jpg;5.88;4.35;4.36;6.58
sf_1600000-PPT.jpg;2.77;4.37;5.9;6.0
sf_1600001-PPT.jpg;8.61;11.56;7.34;5.31
sf_1600003-PPT.jpg;3.38;3.54;7.36;4.19
sf_1600004-PPT.jpg;16.93;10.77;4.32;4.84
sf_1600005-PPT.jpg;13.87;12.54;2.94;3.75
sf_1600006-PPT.jpg;3.38;3.54;7.35;4.19
sf_1600007-PPT.jpg;4.28;2.4;4.1;6.62
sf_1600008-PPT.jpg;8.67;8.14;9.97;10.25
sf_1600009-PPT.jpg;4.99;6.39;7.71;6.74
sf_1600010-PPT.jpg;4.63;6.52;4.02;3.13
sf_1600011-PPT.jpg;5.69;5.82;7.06;9.11
sf_1600099-PPT.jpg;1.95;3.06;4.65;4.47
sf_1600101-PPT.jpg;2.69;3.87;3.76;3.26
sf_1600102-PPT.jpg;4.7;5.96;6.31;7.17
sf_1600133-PPT.jpg;7.72;12.97;7.91;8.37
sf_1600134-PPT.jpg;7.45;8.08;8.32;8.25
sf_1600135-PPT.jpg;5.08;4.1;6.46;7.03
sf_1673034-PPT.jpg;8.61;5.77;5.71;8.44
sf_1858071-PPT.jpg;9.01;8.69;5.95;8.0
sf_1858074-PPT.jpg;7.57;8.52;9.28;4.27
sf_4387058-PPT.jpg;4.72;11.02;9.17;10.83
sf_5110009-PPT.jpg;13.62;9.99;6.31;5.97
sf_5360472-PPT.jpg;8.41;12.33;8.0;9.14
sf_5361210-PPT.jpg;9.31;7.02;7.25;8.51
sf_5367921-PPT.jpg;5.83;6.09;7.28;7.21
sf_5367922-PPT.jpg;5.32;5.74;7.29;7.27
sf_5367923-PPT.jpg;5.04;5.47;5.98;6.51
sf_5367924-PPT.jpg;5.7;6.73;7.31;7.38
sf_5438976-PPT.jpg;7.42;7.87;6.39;6.42
sf_5438977-PPT.jpg;6.88;5.84;8.31;7.98
sf_5438978-PPT.jpg;6.97;7.36;8.86;8.78
sf_5507023-PPT.jpg;3.1;3.93;2.84;2.8
sf_5507028-PPT.jpg;8.97;4.92;6.77;5.68
