Imagem;Q1;Q2;Q3;Q4;
hz_1224099-PPT.jpg;6.53;10.27;10.36;9.84
hz_1234055-PPT.jpg;4.88;5.53;4.86;5.13
hz_1234223-PPT.jpg;2.72;4.22;7.49;6.5
hz_1235128-PPT.jpg;5.35;10.2;6.28;5.0
hz_1235134-PPT.jpg;3.35;3.25;6.38;6.59
hz_1235167-PPT.jpg;9.51;8.55;3.03;7.1
hz_1236191-PPT.jpg;4.76;3.92;6.21;6.97
hz_1242061-PPT.jpg;8.78;9.17;8.88;8.6
hz_1327005-PPT.jpg;18.27;2.82;6.61;7.24
hz_1327006-PPT.jpg;15.17;11.28;6.98;7.49
hz_1327007-PPT.jpg;19.65;12.08;7.91;8.48
hz_1327010-PPT.jpg;2.25;4.21;3.47;2.13
hz_1432033-PPT.jpg;7.14;7.01;8.01;9.97
hz_1435039-PPT.jpg;2.68;4.39;6.91;5.93
hz_1435044-PPT.jpg;5.69;7.21;4.92;4.77
hz_1435166-PPT.jpg;7.22;4.16;6.73;6.91
hz_1472066-PPT.jpg;3.85;4.17;3.49;4.99
hz_1472071-PPT.jpg;2.39;2.92;3.53;2.75
hz_1472072-PPT.jpg;5.52;3.7;5.66;3.38
hz_1599057-PPT.jpg;4.09;4.83;5.79;6.7
hz_1599059-PPT.jpg;6.47;7.84;8.43;9.16
hz_1599060-PPT.jpg;7.51;6.28;8.18;7.98
hz_1599434-PPT.jpg;6.29;6.12;7.69;8.24
hz_1599436-PPT.jpg;6.94;6.45;8.91;6.97
hz_1599438-PPT.jpg;7.44;5.28;5.68;6.21
hz_1599880-PPT.jpg;11.02;8.97;7.85;6.51
hz_1599958-PPT.jpg;8.24;4.43;6.09;7.89
hz_1599992-PPT.jpg;4.79;3.52;5.62;3.66
hz_1599995-PPT.jpg;14.52;7.77;7.7;7.78
hz_1599996-PPT.jpg;5.05;8.21;8.36;9.87
hz_1599997-PPT.jpg;5.48;6.73;6.66;5.65
hz_1600092-PPT.jpg;5.91;4.79;4.57;6.6
hz_1600093-PPT.jpg;6.88;6.44;6.81;5.4
hz_5360671-PPT.jpg;6.12;8.5;10.04;10.14
hz_5360672-PPT.jpg;7.13;6.92;3.61;8.37
hz_5361215-PPT.jpg;4.42;3.3;4.24;7.69
hz_5506206-PPT.jpg;6.5;10.69;7.25;6.46
hz_5506207-PPT.jpg;8.04;6.36;10.04;5.61
hz_5511469-PPT.jpg;3.07;4.85;7.19;6.08
hz_5520223-PPT.jpg;3.14;7.7;9.79;6.7
hz_imagem_64.jpg;2.43;3.66;7.17;7.25
hz_imagem_68.jpg;6.41;7.02;4.76;5.5
sf_1235063-PPT.jpg;5.78;4.83;6.55;6.41
sf_1235064-PPT.jpg;5.31;6.35;6.71;6.91
sf_1235135-PPT.jpg;4.69;5.83;5.73;4.7
sf_1320022-PPT.jpg;8.25;6.73;7.4;7.16
sf_1327032-PPT.jpg;3.29;4.94;6.13;5.4
sf_1327071-PPT.jpg;12.63;13.27;9.98;10.38
sf_1327072-PPT.jpg;4.53;6.43;9.27;9.39
sf_1327073-PPT.jpg;6.75;5.02;5.96;5.59
sf_1435040-PPT.jpg;9.85;10.83;3.09;2.36
sf_1435163-PPT.jpg;7.67;8.64;8.79;8.07
sf_1481171-PPT.jpg;14.7;11.68;9.06;7.06
sf_1599072-PPT.jpg;12.8;9.07;7.83;9.88
sf_1599073-PPT.jpg;6.59;9.14;3.22;7.5
sf_1599417-PPT.jpg;5.09;3.8;2.84;5.9
sf_1599419-PPT.jpg;11.32;6.41;7.64;8.74
sf_1599420-PPT.jpg;6.22;7.79;3.99;7.6
sf_1599888-PPT.jpg;3.36;4.89;5.36;6.21
sf_1599889-PPT.jpg;3.36;4.89;5.38;6.2
sf_1599890-PPT.jpg;3.27;4.87;5.68;6.39
sf_1599891-PPT.jpg;3.05;2.9;6.14;6.33
sf_1599892-PPT.jpg;4.64;4.42;6.28;5.51
sf_1599893-PPT.jpg;5.53;9.72;10.51;10.92
sf_1599894-PPT.jpg;16.56;12.57;11.4;10.47
sf_1599998-PPT.jpg;5.8;4.28;4.33;6.51
sf_1599999-PPT.jpg;5.81;4.28;4.32;6.5
sf_1600000-PPT.jpg;2.71;4.32;5.72;5.89
sf_1600001-PPT.jpg;8.51;11.29;7.21;5.23
sf_1600003-PPT.jpg;3.27;3.49;7.23;4.17
sf_1600004-PPT.jpg;16.88;10.71;4.26;4.81
sf_1600005-PPT.jpg;13.76;12.52;2.91;3.72
sf_1600006-PPT.jpg;3.27;3.5;7.23;4.17
sf_1600007-PPT.jpg;4.18;2.34;4.02;6.55
sf_1600008-PPT.jpg;8.43;7.83;9.76;10.09
sf_1600009-PPT.jpg;4.94;6.34;7.47;6.6
sf_1600010-PPT.jpg;4.54;6.4;3.96;3.1
sf_1600011-PPT.jpg;5.64;5.77;7.01;9.09
sf_1600099-PPT.jpg;1.9;3.01;4.58;4.42
sf_1600101-PPT.jpg;2.69;3.86;3.73;3.25
sf_1600102-PPT.jpg;4.64;5.9;6.26;7.09
sf_1600133-PPT.jpg;7.48;12.86;7.81;8.14
sf_1600134-PPT.jpg;7.4;8.05;8.28;8.19
sf_1600135-PPT.jpg;5.01;4.07;6.31;6.96
sf_1673034-PPT.jpg;8.5;5.7;5.67;8.33
sf_1858071-PPT.jpg;8.78;8.53;5.84;7.88
sf_1858074-PPT.jpg;7.4;8.42;9.18;4.24
sf_4387058-PPT.jpg;4.62;10.87;9.09;10.79
sf_5110009-PPT.jpg;13.38;9.87;6.25;5.93
sf_5360472-PPT.jpg;8.2;12.19;7.93;9.07
sf_5361210-PPT.jpg;9.21;6.99;7.15;8.39
sf_5367921-PPT.jpg;5.82;6.08;7.24;7.19
sf_5367922-PPT.jpg;5.31;5.73;7.24;7.26
sf_5367923-PPT.jpg;5.03;5.45;5.92;6.5
sf_5367924-PPT.jpg;5.66;6.71;7.25;7.36
sf_5438976-PPT.jpg;7.36;7.85;6.33;6.39
sf_5438977-PPT.jpg;6.79;5.72;8.24;7.93
sf_5438978-PPT.jpg;6.9;7.34;8.8;8.72
sf_5507023-PPT.jpg;3.07;3.88;2.82;2.79
sf_5507028-PPT.jpg;8.82;4.89;6.7;5.67
