Imagem;Q1;Q2;Q3;Q4;
hz_1224099-PPT.jpg;8.09;10.56;11.57;10.46
hz_1234055-PPT.jpg;5.94;5.98;5.2;5.52
hz_1234223-PPT.jpg;3.48;5.21;8.74;7.21
hz_1235128-PPT.jpg;6.73;11.73;7.32;5.6
hz_1235134-PPT.jpg;3.64;3.51;6.77;6.81
hz_1235167-PPT.jpg;10.15;9.55;3.43;8.62
hz_1236191-PPT.jpg;6.44;4.82;7.91;8.42
hz_1242061-PPT.jpg;9.51;9.39;9.59;9.43
hz_1327005-PPT.jpg;25.84;3.75;7.65;8.16
hz_1327006-PPT.jpg;19.62;14.25;10.54;9.62
hz_1327007-PPT.jpg;24.98;14.28;11.06;10.41
hz_1327010-PPT.jpg;2.81;4.89;4.19;2.22
hz_1432033-PPT.jpg;7.73;8.08;8.53;10.26
hz_1435039-PPT.jpg;3.37;5.88;8.73;7.29
hz_1435044-PPT.jpg;9.3;9.95;6.07;6.16
hz_1435166-PPT.jpg;12.66;5.25;8.31;9.59
hz_1472066-PPT.jpg;6.01;4.97;3.9;5.68
hz_1472071-PPT.jpg;2.86;3.43;4.29;3.06
hz_1472072-PPT.jpg;8.1;4.11;6.85;3.81
hz_1599057-PPT.jpg;4.85;5.33;6.29;7.21
hz_1599059-PPT.jpg;7.45;8.64;8.96;9.82
hz_1599060-PPT.jpg;8.78;7.0;9.86;8.62
hz_1599434-PPT.jpg;7.4;6.74;7.96;9.19
hz_1599436-PPT.jpg;7.55;6.81;9.67;7.75
hz_1599438-PPT.jpg;8.04;5.81;6.52;6.6
hz_1599880-PPT.jpg;13.09;10.68;9.07;7.6
hz_1599958-PPT.jpg;11.59;4.87;6.91;10.12
hz_1599992-PPT.jpg;6.0;4.55;6.51;4.11
hz_1599995-PPT.jpg;17.8;10.14;9.62;8.6
hz_1599996-PPT.jpg;6.53;10.04;9.55;10.91
hz_1599997-PPT.jpg;6.61;7.47;7.52;6.59
hz_1600092-PPT.jpg;9.47;7.4;5.41;7.76
hz_1600093-PPT.jpg;10.45;9.95;8.37;6.36
hz_5360671-PPT.jpg;7.54;8.97;10.94;11.06
hz_5360672-PPT.jpg;9.22;9.79;4.25;10.04
hz_5361215-PPT.jpg;5.57;3.98;4.88;8.36
hz_5506206-PPT.jpg;7.94;12.16;8.59;7.09
hz_5506207-PPT.jpg;10.3;7.24;10.69;6.48
hz_5511469-PPT.jpg;3.69;5.58;8.52;6.78
hz_5520223-PPT.jpg;3.53;8.6;10.87;8.51
hz_imagem_64.jpg;2.86;4.94;7.95;8.63
hz_imagem_68.jpg;6.89;7.48;5.3;6.15
sf_1235063-PPT.jpg;6.31;5.16;7.08;6.68
sf_1235064-PPT.jpg;5.73;6.87;7.16;7.2
sf_1235135-PPT.jpg;7.73;9.48;7.26;5.98
sf_1320022-PPT.jpg;16.16;9.27;8.07;8.26
sf_1327032-PPT.jpg;3.68;5.2;6.44;5.72
sf_1327071-PPT.jpg;15.83;14.31;10.77;10.7
sf_1327072-PPT.jpg;4.94;7.28;9.81;10.13
sf_1327073-PPT.jpg;11.22;6.77;9.39;6.78
sf_1435040-PPT.jpg;14.81;13.51;3.26;2.38
sf_1435163-PPT.jpg;8.7;9.1;9.2;8.84
sf_1481171-PPT.jpg;23.32;14.46;10.64;8.14
sf_1599072-PPT.jpg;14.5;11.69;8.38;10.31
sf_1599073-PPT.jpg;7.25;11.26;3.75;7.96
sf_1599417-PPT.jpg;5.54;4.98;3.88;7.2
sf_1599419-PPT.jpg;15.14;7.43;9.52;10.16
sf_1599420-PPT.jpg;6.87;9.17;4.58;7.92
sf_1599888-PPT.jpg;3.56;5.51;5.76;6.49
sf_1599889-PPT.jpg;3.56;5.51;5.78;6.49
sf_1599890-PPT.jpg;3.56;5.78;6.4;6.95
sf_1599891-PPT.jpg;3.42;3.04;6.71;6.84
sf_1599892-PPT.jpg;5.08;4.73;6.94;6.04
sf_1599893-PPT.jpg;6.13;13.1;12.18;11.12
sf_1599894-PPT.jpg;23.02;14.55;12.28;10.9
sf_1599998-PPT.jpg;6.97;4.88;4.64;7.49
sf_1599999-PPT.jpg;6.97;4.87;4.65;7.48
sf_1600000-PPT.jpg;2.94;5.31;7.23;7.12
sf_1600001-PPT.jpg;11.53;13.09;9.34;6.04
sf_1600003-PPT.jpg;3.71;3.94;8.34;4.34
sf_1600004-PPT.jpg;18.47;11.16;5.23;5.55
sf_1600005-PPT.jpg;17.57;14.15;3.27;3.99
sf_1600006-PPT.jpg;3.71;3.94;8.34;4.32
sf_1600007-PPT.jpg;5.7;2.68;4.95;8.13
sf_1600008-PPT.jpg;10.69;9.58;11.53;11.03
sf_1600009-PPT.jpg;5.62;7.52;9.79;8.35
sf_1600010-PPT.jpg;6.28;8.0;5.43;3.37
sf_1600011-PPT.jpg;6.2;6.14;7.65;9.46
sf_1600099-PPT.jpg;2.14;3.58;5.71;5.02
sf_1600101-PPT.jpg;3.47;4.42;4.5;3.67
sf_1600102-PPT.jpg;5.35;6.41;6.8;8.07
sf_1600133-PPT.jpg;9.33;14.42;9.28;9.52
sf_1600134-PPT.jpg;7.96;8.29;9.12;8.92
sf_1600135-PPT.jpg;6.09;4.38;7.04;7.92
sf_1673034-PPT.jpg;9.69;6.76;6.37;9.6
sf_1858071-PPT.jpg;10.29;9.14;8.39;10.11
sf_1858074-PPT.jpg;8.62;9.78;11.47;5.57
sf_4387058-PPT.jpg;6.91;13.96;12.21;11.37
sf_5110009-PPT.jpg;18.46;13.64;7.57;7.84
sf_5360472-PPT.jpg;10.42;14.54;9.45;10.82
sf_5361210-PPT.jpg;12.0;8.85;8.36;9.91
sf_5367921-PPT.jpg;5.86;6.14;7.57;7.37
sf_5367922-PPT.jpg;5.57;5.91;7.46;7.69
sf_5367923-PPT.jpg;5.1;5.56;6.14;6.74
sf_5367924-PPT.jpg;5.82;6.86;7.5;7.55
sf_5438976-PPT.jpg;7.79;8.13;6.63;6.61
sf_5438977-PPT.jpg;7.13;6.31;8.5;8.47
sf_5438978-PPT.jpg;7.27;7.54;9.12;9.13
sf_5507023-PPT.jpg;3.89;4.37;3.03;2.86
sf_5507028-PPT.jpg;11.8;5.36;11.02;8.45
