Imagem;Q1;Q2;Q3;Q4;
hz_1224099-PPT.jpg;33.1;28.93;22.49;22.7
hz_1234055-PPT.jpg;34.69;29.86;23.88;22.99
hz_1234223-PPT.jpg;31.17;27.76;23.54;23.31
hz_1235128-PPT.jpg;29.88;27.29;24.13;22.11
hz_1235134-PPT.jpg;36.21;29.09;24.31;25.11
hz_1235167-PPT.jpg;31.7;26.16;21.64;20.05
hz_1236191-PPT.jpg;26.81;24.56;20.94;19.71
hz_1242061-PPT.jpg;27.42;31.09;24.13;19.93
hz_1327005-PPT.jpg;31.01;24.77;21.8;20.88
hz_1327006-PPT.jpg;38.43;23.42;19.41;17.66
hz_1327007-PPT.jpg;37.68;23.65;19.87;18.24
hz_1327010-PPT.jpg;29.7;26.07;20.3;17.45
hz_1432033-PPT.jpg;34.41;28.68;25.48;22.78
hz_1435039-PPT.jpg;30.35;26.3;21.99;20.65
hz_1435044-PPT.jpg;29.21;26.14;21.58;19.26
hz_1435166-PPT.jpg;28.33;23.56;21.09;17.87
hz_1472066-PPT.jpg;28.93;26.99;22.39;21.63
hz_1472071-PPT.jpg;30.72;25.87;21.5;18.66
hz_1472072-PPT.jpg;27.68;27.54;22.9;19.72
hz_1599057-PPT.jpg;33.71;28.56;24.28;24.6
hz_1599059-PPT.jpg;36.75;29.49;24.81;22.93
hz_1599060-PPT.jpg;32.15;29.53;23.01;23.52
hz_1599434-PPT.jpg;35.66;30.3;26.19;22.57
hz_1599436-PPT.jpg;35.73;31.18;24.19;23.59
hz_1599438-PPT.jpg;34.76;30.44;24.18;24.87
hz_1599880-PPT.jpg;29.05;24.79;22.34;20.99
hz_1599958-PPT.jpg;28.33;28.48;24.21;18.58
hz_1599992-PPT.jpg;29.48;27.18;24.1;20.23
hz_1599995-PPT.jpg;32.5;26.29;21.94;22.88
hz_1599996-PPT.jpg;30.03;25.86;22.71;19.42
hz_1599997-PPT.jpg;30.12;27.83;23.58;21.19
hz_1600092-PPT.jpg;28.56;24.53;21.19;20.29
hz_1600093-PPT.jpg;26.0;23.87;21.19;19.54
hz_5360671-PPT.jpg;32.32;30.16;23.36;20.32
hz_5360672-PPT.jpg;27.98;25.91;21.69;19.31
hz_5361215-PPT.jpg;30.02;27.05;23.01;22.31
hz_5506206-PPT.jpg;28.97;26.73;22.85;23.27
hz_5506207-PPT.jpg;29.43;28.34;23.65;21.99
hz_5511469-PPT.jpg;32.84;28.51;23.18;22.7
hz_5520223-PPT.jpg;30.12;28.37;23.19;20.01
hz_imagem_64.jpg;36.49;26.4;26.45;22.02
hz_imagem_68.jpg;30.74;27.15;24.05;21.72
sf_1235063-PPT.jpg;28.45;30.67;25.3;24.41
sf_1235064-PPT.jpg;29.7;29.44;25.06;24.39
sf_1235135-PPT.jpg;28.2;25.55;22.45;20.17
sf_1320022-PPT.jpg;28.41;23.93;22.43;20.97
sf_1327032-PPT.jpg;36.35;31.0;23.77;22.64
sf_1327071-PPT.jpg;34.11;25.6;22.91;21.79
sf_1327072-PPT.jpg;31.02;27.97;24.14;21.43
sf_1327073-PPT.jpg;28.02;24.94;19.92;20.29
sf_1435040-PPT.jpg;27.3;24.55;22.17;18.39
sf_1435163-PPT.jpg;34.6;26.98;25.07;23.23
sf_1481171-PPT.jpg;30.14;24.42;21.38;21.24
sf_1599072-PPT.jpg;35.83;26.53;24.66;21.99
sf_1599073-PPT.jpg;32.44;26.39;21.95;23.79
sf_1599417-PPT.jpg;31.03;26.85;20.61;20.63
sf_1599419-PPT.jpg;33.51;27.03;23.16;21.62
sf_1599420-PPT.jpg;33.86;28.55;22.74;24.72
sf_1599888-PPT.jpg;40.93;28.73;24.68;25.81
sf_1599889-PPT.jpg;40.93;28.59;24.49;25.5
sf_1599890-PPT.jpg;38.48;27.02;24.0;24.19
sf_1599891-PPT.jpg;34.51;26.72;24.33;23.66
sf_1599892-PPT.jpg;32.19;28.69;24.21;22.86
sf_1599893-PPT.jpg;27.38;24.4;19.66;17.58
sf_1599894-PPT.jpg;31.46;24.22;20.12;17.05
sf_1599998-PPT.jpg;32.8;25.59;23.06;22.49
sf_1599999-PPT.jpg;32.77;25.46;23.07;22.59
sf_1600000-PPT.jpg;32.24;28.1;22.38;21.02
sf_1600001-PPT.jpg;30.26;24.68;21.61;21.24
sf_1600003-PPT.jpg;29.76;26.71;22.99;21.92
sf_1600004-PPT.jpg;39.66;27.75;22.45;21.09
sf_1600005-PPT.jpg;32.61;26.14;21.71;20.48
sf_1600006-PPT.jpg;29.76;26.8;22.97;22.05
sf_1600007-PPT.jpg;31.6;26.44;21.59;21.08
sf_1600008-PPT.jpg;30.15;26.7;21.61;19.85
sf_1600009-PPT.jpg;29.53;28.42;22.2;20.12
sf_1600010-PPT.jpg;29.86;24.5;21.18;18.93
sf_1600011-PPT.jpg;35.97;29.92;24.74;24.27
sf_1600099-PPT.jpg;30.09;26.78;22.0;20.54
sf_1600101-PPT.jpg;30.27;28.54;22.88;19.11
sf_1600102-PPT.jpg;32.87;28.26;24.0;23.19
sf_1600133-PPT.jpg;29.02;25.43;21.67;20.31
sf_1600134-PPT.jpg;34.97;27.59;25.0;23.19
sf_1600135-PPT.jpg;34.0;29.18;23.97;22.87
sf_1673034-PPT.jpg;34.78;25.32;23.23;21.43
sf_1858071-PPT.jpg;32.96;28.86;21.56;19.42
sf_1858074-PPT.jpg;32.23;28.36;21.3;19.13
sf_4387058-PPT.jpg;27.19;25.41;20.65;17.75
sf_5110009-PPT.jpg;30.33;23.92;22.42;19.17
sf_5360472-PPT.jpg;30.95;24.81;22.71;18.48
sf_5361210-PPT.jpg;29.57;26.85;23.18;19.12
sf_5367921-PPT.jpg;38.83;32.01;25.53;25.69
sf_5367922-PPT.jpg;33.48;29.69;25.54;24.31
sf_5367923-PPT.jpg;35.03;31.4;25.75;25.35
sf_5367924-PPT.jpg;33.19;31.13;25.94;26.11
sf_5438976-PPT.jpg;38.46;30.47;26.12;26.43
sf_5438977-PPT.jpg;36.66;29.84;25.81;24.96
sf_5438978-PPT.jpg;34.09;32.58;25.6;24.69
sf_5507023-PPT.jpg;30.35;27.11;21.86;19.08
sf_5507028-PPT.jpg;29.72;27.33;18.7;17.32
