Imagem;Q1;Q2;Q3;Q4;
hz_1224099-PPT.jpg;34.15;28.69;22.43;22.3
hz_1234055-PPT.jpg;36.19;29.71;23.97;22.73
hz_1234223-PPT.jpg;32.12;27.69;23.52;23.05
hz_1235128-PPT.jpg;31.11;27.26;23.99;21.85
hz_1235134-PPT.jpg;37.26;28.62;24.36;24.78
hz_1235167-PPT.jpg;32.69;26.72;21.61;20.05
hz_1236191-PPT.jpg;28.04;24.92;21.17;19.72
hz_1242061-PPT.jpg;28.73;30.37;24.08;19.93
hz_1327005-PPT.jpg;31.67;24.79;22.11;20.87
hz_1327006-PPT.jpg;39.57;23.39;19.5;17.66
hz_1327007-PPT.jpg;38.77;23.56;19.97;18.19
hz_1327010-PPT.jpg;31.18;26.57;20.61;17.32
hz_1432033-PPT.jpg;35.85;28.59;25.62;22.44
hz_1435039-PPT.jpg;31.38;26.41;22.25;20.5
hz_1435044-PPT.jpg;30.12;26.09;21.92;19.17
hz_1435166-PPT.jpg;29.46;24.27;21.55;17.82
hz_1472066-PPT.jpg;29.88;27.0;22.59;21.44
hz_1472071-PPT.jpg;32.08;26.03;21.72;18.49
hz_1472072-PPT.jpg;28.63;27.58;23.17;19.53
hz_1599057-PPT.jpg;34.75;28.52;24.69;24.21
hz_1599059-PPT.jpg;38.15;29.33;25.06;22.62
hz_1599060-PPT.jpg;33.37;29.39;23.12;23.18
hz_1599434-PPT.jpg;36.7;29.86;26.48;22.25
hz_1599436-PPT.jpg;36.9;30.74;24.42;23.22
hz_1599438-PPT.jpg;35.95;29.91;24.51;24.4
hz_1599880-PPT.jpg;30.07;25.36;22.79;20.92
hz_1599958-PPT.jpg;29.28;28.46;24.57;18.45
hz_1599992-PPT.jpg;30.25;26.98;24.27;20.01
hz_1599995-PPT.jpg;33.52;26.37;22.15;22.62
hz_1599996-PPT.jpg;31.07;26.24;22.98;19.26
hz_1599997-PPT.jpg;31.29;28.19;23.99;21.1
hz_1600092-PPT.jpg;29.67;24.67;21.66;20.34
hz_1600093-PPT.jpg;27.51;24.25;21.5;19.58
hz_5360671-PPT.jpg;33.48;29.8;23.49;20.1
hz_5360672-PPT.jpg;29.36;25.94;21.93;19.26
hz_5361215-PPT.jpg;31.17;26.97;23.25;22.12
hz_5506206-PPT.jpg;30.21;26.69;23.06;23.03
hz_5506207-PPT.jpg;30.6;28.44;23.67;21.74
hz_5511469-PPT.jpg;33.96;28.41;23.31;22.45
hz_5520223-PPT.jpg;31.18;28.44;23.24;19.93
hz_imagem_64.jpg;37.55;26.36;26.06;21.79
hz_imagem_68.jpg;32.68;28.02;24.09;21.71
sf_1235063-PPT.jpg;29.85;30.11;25.28;24.13
sf_1235064-PPT.jpg;31.63;29.29;25.03;24.04
sf_1235135-PPT.jpg;29.1;25.53;22.48;20.01
sf_1320022-PPT.jpg;29.24;24.34;22.99;20.99
sf_1327032-PPT.jpg;37.85;30.42;24.36;22.46
sf_1327071-PPT.jpg;35.2;25.32;23.12;21.6
sf_1327072-PPT.jpg;32.53;28.1;24.35;21.21
sf_1327073-PPT.jpg;28.83;25.19;19.98;20.19
sf_1435040-PPT.jpg;28.29;24.7;22.35;18.21
sf_1435163-PPT.jpg;35.56;27.46;25.02;23.02
sf_1481171-PPT.jpg;31.02;24.35;21.67;21.13
sf_1599072-PPT.jpg;36.73;26.49;25.05;21.68
sf_1599073-PPT.jpg;33.6;26.45;22.13;23.4
sf_1599417-PPT.jpg;32.44;26.76;20.76;20.46
sf_1599419-PPT.jpg;34.65;27.2;23.35;21.35
sf_1599420-PPT.jpg;34.78;28.5;22.95;24.29
sf_1599888-PPT.jpg;41.96;28.74;25.08;25.27
sf_1599889-PPT.jpg;41.99;28.58;24.89;25.0
sf_1599890-PPT.jpg;39.63;27.28;24.44;23.87
sf_1599891-PPT.jpg;35.91;26.63;24.77;23.38
sf_1599892-PPT.jpg;33.73;28.53;24.56;22.6
sf_1599893-PPT.jpg;28.73;24.71;19.67;17.43
sf_1599894-PPT.jpg;32.58;24.32;20.13;16.94
sf_1599998-PPT.jpg;33.56;26.07;23.45;22.27
sf_1599999-PPT.jpg;33.56;25.93;23.46;22.37
sf_1600000-PPT.jpg;33.88;27.96;22.59;20.92
sf_1600001-PPT.jpg;31.61;24.92;21.68;21.07
sf_1600003-PPT.jpg;31.47;26.97;23.46;21.63
sf_1600004-PPT.jpg;40.44;27.66;22.68;20.95
sf_1600005-PPT.jpg;33.75;26.02;21.78;20.3
sf_1600006-PPT.jpg;31.47;27.09;23.39;21.73
sf_1600007-PPT.jpg;32.55;26.26;21.73;20.88
sf_1600008-PPT.jpg;31.64;26.81;21.67;19.73
sf_1600009-PPT.jpg;30.78;28.3;22.3;19.96
sf_1600010-PPT.jpg;31.17;25.04;21.3;18.83
sf_1600011-PPT.jpg;37.06;29.75;25.14;23.87
sf_1600099-PPT.jpg;31.42;26.67;22.18;20.38
sf_1600101-PPT.jpg;31.18;28.23;22.74;18.96
sf_1600102-PPT.jpg;34.24;28.63;24.49;22.87
sf_1600133-PPT.jpg;30.29;25.2;21.99;20.19
sf_1600134-PPT.jpg;35.98;28.1;25.11;23.0
sf_1600135-PPT.jpg;34.71;28.84;24.32;22.59
sf_1673034-PPT.jpg;35.63;26.25;23.67;21.23
sf_1858071-PPT.jpg;34.27;28.73;21.52;19.32
sf_1858074-PPT.jpg;33.43;28.16;21.23;19.0
sf_4387058-PPT.jpg;28.1;25.34;20.55;17.63
sf_5110009-PPT.jpg;31.24;23.99;22.75;19.1
sf_5360472-PPT.jpg;32.59;24.58;22.88;18.38
sf_5361210-PPT.jpg;30.8;26.74;23.45;19.04
sf_5367921-PPT.jpg;40.61;31.36;25.79;25.26
sf_5367922-PPT.jpg;34.76;29.69;26.0;23.98
sf_5367923-PPT.jpg;36.44;30.86;25.82;24.84
sf_5367924-PPT.jpg;34.43;30.75;26.28;25.52
sf_5438976-PPT.jpg;39.22;30.23;25.88;25.68
sf_5438977-PPT.jpg;37.72;29.58;25.94;24.48
sf_5438978-PPT.jpg;35.05;31.75;25.29;24.17
sf_5507023-PPT.jpg;31.72;27.33;21.9;18.87
sf_5507028-PPT.jpg;30.6;27.4;18.7;17.22
