Imagem;Q1;Q2;Q3;Q4;
hz_1224099-PPT.jpg;7.69;10.45;10.92;10.3
hz_1234055-PPT.jpg;5.11;5.86;5.1;5.33
hz_1234223-PPT.jpg;3.0;4.48;8.0;6.83
hz_1235128-PPT.jpg;6.07;10.51;6.61;5.25
hz_1235134-PPT.jpg;3.53;3.36;6.6;6.68
hz_1235167-PPT.jpg;10.14;8.92;3.21;7.84
hz_1236191-PPT.jpg;5.43;4.68;7.34;7.45
hz_1242061-PPT.jpg;9.42;9.33;9.32;8.95
hz_1327005-PPT.jpg;22.05;3.15;7.26;7.76
hz_1327006-PPT.jpg;17.83;12.34;7.53;8.44
hz_1327007-PPT.jpg;22.37;12.91;8.37;9.1
hz_1327010-PPT.jpg;2.41;4.63;3.89;2.19
hz_1432033-PPT.jpg;7.57;7.53;8.37;10.2
hz_1435039-PPT.jpg;3.05;4.81;7.69;6.53
hz_1435044-PPT.jpg;6.57;7.74;5.55;5.33
hz_1435166-PPT.jpg;7.91;5.11;7.95;7.26
hz_1472066-PPT.jpg;4.45;4.47;3.68;5.26
hz_1472071-PPT.jpg;2.57;3.06;3.89;2.82
hz_1472072-PPT.jpg;6.33;3.86;6.17;3.48
hz_1599057-PPT.jpg;4.45;5.1;6.09;7.03
hz_1599059-PPT.jpg;6.81;8.32;8.83;9.51
hz_1599060-PPT.jpg;8.03;6.78;8.84;8.39
hz_1599434-PPT.jpg;6.78;6.34;7.91;8.73
hz_1599436-PPT.jpg;7.36;6.7;9.43;7.22
hz_1599438-PPT.jpg;7.83;5.55;6.11;6.46
hz_1599880-PPT.jpg;11.98;9.98;8.31;6.98
hz_1599958-PPT.jpg;9.1;4.6;6.34;8.1
hz_1599992-PPT.jpg;5.11;4.07;5.95;3.91
hz_1599995-PPT.jpg;15.85;9.28;8.75;8.45
hz_1599996-PPT.jpg;5.48;9.41;9.5;10.48
hz_1599997-PPT.jpg;6.0;6.93;7.19;5.97
hz_1600092-PPT.jpg;6.42;5.55;5.11;6.96
hz_1600093-PPT.jpg;8.04;7.64;7.52;5.98
hz_5360671-PPT.jpg;6.46;8.68;10.35;10.41
hz_5360672-PPT.jpg;7.99;8.34;3.96;9.2
hz_5361215-PPT.jpg;4.72;3.45;4.52;8.08
hz_5506206-PPT.jpg;7.08;11.54;7.62;6.89
hz_5506207-PPT.jpg;8.98;6.78;10.48;5.94
hz_5511469-PPT.jpg;3.39;5.16;7.68;6.51
hz_5520223-PPT.jpg;3.35;8.11;10.01;7.02
hz_imagem_64.jpg;2.83;4.13;7.44;7.71
hz_imagem_68.jpg;6.69;7.34;4.97;5.69
sf_1235063-PPT.jpg;6.06;5.02;6.74;6.52
sf_1235064-PPT.jpg;5.57;6.69;6.92;7.16
sf_1235135-PPT.jpg;5.22;6.31;6.32;4.91
sf_1320022-PPT.jpg;9.65;7.49;7.95;7.98
sf_1327032-PPT.jpg;3.57;5.1;6.38;5.63
sf_1327071-PPT.jpg;13.33;13.78;10.48;10.6
sf_1327072-PPT.jpg;4.69;6.77;9.57;9.66
sf_1327073-PPT.jpg;8.09;6.06;6.54;6.34
sf_1435040-PPT.jpg;12.08;11.48;3.18;2.37
sf_1435163-PPT.jpg;8.16;8.98;8.97;8.34
sf_1481171-PPT.jpg;18.78;13.41;9.76;7.47
sf_1599072-PPT.jpg;14.22;9.69;8.22;10.13
sf_1599073-PPT.jpg;6.94;9.99;3.37;7.78
sf_1599417-PPT.jpg;5.42;4.2;3.05;6.36
sf_1599419-PPT.jpg;12.53;6.89;8.16;9.19
sf_1599420-PPT.jpg;6.61;8.43;4.21;7.78
sf_1599888-PPT.jpg;3.48;5.15;5.57;6.36
sf_1599889-PPT.jpg;3.48;5.16;5.58;6.35
sf_1599890-PPT.jpg;3.46;5.18;6.01;6.63
sf_1599891-PPT.jpg;3.27;2.99;6.49;6.72
sf_1599892-PPT.jpg;4.89;4.64;6.77;5.82
sf_1599893-PPT.jpg;5.77;10.64;11.53;10.97
sf_1599894-PPT.jpg;19.32;13.35;11.93;10.67
sf_1599998-PPT.jpg;6.13;4.67;4.45;7.19
sf_1599999-PPT.jpg;6.13;4.68;4.44;7.18
sf_1600000-PPT.jpg;2.84;4.71;6.6;6.49
sf_1600001-PPT.jpg;9.19;12.61;8.24;5.5
sf_1600003-PPT.jpg;3.62;3.72;7.96;4.27
sf_1600004-PPT.jpg;17.46;11.0;4.62;4.99
sf_1600005-PPT.jpg;15.13;12.85;3.04;3.85
sf_1600006-PPT.jpg;3.62;3.72;7.96;4.27
sf_1600007-PPT.jpg;4.75;2.49;4.34;7.26
sf_1600008-PPT.jpg;9.83;9.0;10.7;10.9
sf_1600009-PPT.jpg;5.44;6.58;8.08;7.17
sf_1600010-PPT.jpg;4.96;7.2;4.38;3.23
sf_1600011-PPT.jpg;5.79;5.99;7.34;9.24
sf_1600099-PPT.jpg;2.07;3.34;5.16;4.77
sf_1600101-PPT.jpg;2.91;4.01;3.89;3.4
sf_1600102-PPT.jpg;4.9;6.15;6.45;7.36
sf_1600133-PPT.jpg;8.56;13.64;8.49;8.87
sf_1600134-PPT.jpg;7.62;8.24;8.49;8.51
sf_1600135-PPT.jpg;5.55;4.3;6.9;7.43
sf_1673034-PPT.jpg;8.94;6.21;5.82;9.14
sf_1858071-PPT.jpg;9.62;8.97;6.54;8.46
sf_1858074-PPT.jpg;7.98;9.26;9.77;4.52
sf_4387058-PPT.jpg;5.23;12.06;10.26;11.14
sf_5110009-PPT.jpg;15.12;11.03;6.64;6.37
sf_5360472-PPT.jpg;9.34;13.24;8.43;9.42
sf_5361210-PPT.jpg;9.61;7.43;7.68;9.23
sf_5367921-PPT.jpg;5.86;6.11;7.49;7.34
sf_5367922-PPT.jpg;5.5;5.84;7.39;7.42
sf_5367923-PPT.jpg;5.1;5.53;6.12;6.62
sf_5367924-PPT.jpg;5.8;6.82;7.44;7.49
sf_5438976-PPT.jpg;7.6;8.0;6.48;6.56
sf_5438977-PPT.jpg;7.05;6.1;8.42;8.19
sf_5438978-PPT.jpg;7.14;7.44;9.05;9.0
sf_5507023-PPT.jpg;3.27;4.05;2.95;2.85
sf_5507028-PPT.jpg;10.06;5.02;7.86;5.93
