Imagem;Q1;Q2;Q3;Q4;
hz_1224099-PPT.jpg;7.19;10.41;10.72;10.0
hz_1234055-PPT.jpg;4.98;5.63;4.99;5.22
hz_1234223-PPT.jpg;2.81;4.39;7.74;6.64
hz_1235128-PPT.jpg;5.78;10.37;6.42;5.11
hz_1235134-PPT.jpg;3.44;3.31;6.5;6.64
hz_1235167-PPT.jpg;9.71;8.8;3.1;7.55
hz_1236191-PPT.jpg;5.11;4.25;6.61;7.17
hz_1242061-PPT.jpg;9.14;9.24;9.0;8.83
hz_1327005-PPT.jpg;20.11;2.97;6.82;7.6
hz_1327006-PPT.jpg;16.69;11.59;7.23;7.82
hz_1327007-PPT.jpg;21.06;12.38;8.15;8.76
hz_1327010-PPT.jpg;2.35;4.41;3.69;2.16
hz_1432033-PPT.jpg;7.32;7.26;8.12;10.1
hz_1435039-PPT.jpg;2.83;4.66;7.41;6.12
hz_1435044-PPT.jpg;6.16;7.64;5.16;4.88
hz_1435166-PPT.jpg;7.66;4.44;7.24;7.1
hz_1472066-PPT.jpg;4.07;4.28;3.55;5.08
hz_1472071-PPT.jpg;2.45;3.02;3.63;2.8
hz_1472072-PPT.jpg;5.87;3.82;5.8;3.44
hz_1599057-PPT.jpg;4.26;4.95;5.97;6.85
hz_1599059-PPT.jpg;6.64;8.04;8.66;9.31
hz_1599060-PPT.jpg;7.71;6.4;8.6;8.16
hz_1599434-PPT.jpg;6.39;6.22;7.79;8.64
hz_1599436-PPT.jpg;7.17;6.59;9.18;7.07
hz_1599438-PPT.jpg;7.63;5.38;5.91;6.35
hz_1599880-PPT.jpg;11.4;9.42;8.03;6.79
hz_1599958-PPT.jpg;8.74;4.51;6.21;8.0
hz_1599992-PPT.jpg;4.98;3.9;5.8;3.75
hz_1599995-PPT.jpg;15.55;8.77;8.02;8.05
hz_1599996-PPT.jpg;5.33;8.73;8.89;10.24
hz_1599997-PPT.jpg;5.71;6.82;6.82;5.81
hz_1600092-PPT.jpg;6.18;5.09;4.88;6.72
hz_1600093-PPT.jpg;7.51;6.98;7.16;5.76
hz_5360671-PPT.jpg;6.24;8.58;10.27;10.28
hz_5360672-PPT.jpg;7.55;7.33;3.81;8.64
hz_5361215-PPT.jpg;4.59;3.34;4.37;7.85
hz_5506206-PPT.jpg;6.73;10.99;7.46;6.61
hz_5506207-PPT.jpg;8.42;6.59;10.19;5.74
hz_5511469-PPT.jpg;3.25;4.97;7.51;6.2
hz_5520223-PPT.jpg;3.23;7.94;9.93;6.87
hz_imagem_64.jpg;2.54;3.82;7.34;7.39
hz_imagem_68.jpg;6.56;7.24;4.89;5.62
sf_1235063-PPT.jpg;5.93;4.91;6.63;6.48
sf_1235064-PPT.jpg;5.47;6.58;6.85;7.08
sf_1235135-PPT.jpg;4.92;6.01;6.04;4.78
sf_1320022-PPT.jpg;8.92;7.16;7.68;7.62
sf_1327032-PPT.jpg;3.48;5.07;6.25;5.53
sf_1327071-PPT.jpg;13.17;13.56;10.13;10.45
sf_1327072-PPT.jpg;4.65;6.6;9.39;9.52
sf_1327073-PPT.jpg;7.32;5.25;6.11;5.84
sf_1435040-PPT.jpg;11.29;11.29;3.12;2.37
sf_1435163-PPT.jpg;7.85;8.82;8.88;8.17
sf_1481171-PPT.jpg;16.13;12.1;9.36;7.19
sf_1599072-PPT.jpg;13.51;9.42;8.03;10.04
sf_1599073-PPT.jpg;6.78;9.51;3.31;7.61
sf_1599417-PPT.jpg;5.28;3.98;2.98;6.17
sf_1599419-PPT.jpg;11.61;6.65;7.82;8.99
sf_1599420-PPT.jpg;6.44;7.98;4.12;7.67
sf_1599888-PPT.jpg;3.44;5.03;5.51;6.27
sf_1599889-PPT.jpg;3.44;5.03;5.51;6.28
sf_1599890-PPT.jpg;3.34;5.02;5.83;6.51
sf_1599891-PPT.jpg;3.17;2.94;6.28;6.55
sf_1599892-PPT.jpg;4.75;4.55;6.58;5.61
sf_1599893-PPT.jpg;5.67;9.95;11.07;10.97
sf_1599894-PPT.jpg;17.56;12.75;11.7;10.52
sf_1599998-PPT.jpg;5.94;4.39;4.41;6.74
sf_1599999-PPT.jpg;5.94;4.4;4.41;6.74
sf_1600000-PPT.jpg;2.77;4.46;6.31;6.27
sf_1600001-PPT.jpg;8.71;11.96;7.53;5.4
sf_1600003-PPT.jpg;3.52;3.6;7.45;4.23
sf_1600004-PPT.jpg;17.07;10.84;4.45;4.91
sf_1600005-PPT.jpg;14.13;12.58;2.97;3.81
sf_1600006-PPT.jpg;3.52;3.59;7.44;4.23
sf_1600007-PPT.jpg;4.39;2.45;4.18;6.77
sf_1600008-PPT.jpg;9.06;8.25;10.18;10.47
sf_1600009-PPT.jpg;5.1;6.5;7.85;6.97
sf_1600010-PPT.jpg;4.7;6.65;4.12;3.15
sf_1600011-PPT.jpg;5.74;5.88;7.22;9.15
sf_1600099-PPT.jpg;1.95;3.15;4.88;4.64
sf_1600101-PPT.jpg;2.79;3.93;3.79;3.3
sf_1600102-PPT.jpg;4.75;6.04;6.38;7.23
sf_1600133-PPT.jpg;7.99;13.25;8.11;8.58
sf_1600134-PPT.jpg;7.54;8.15;8.41;8.3
sf_1600135-PPT.jpg;5.38;4.19;6.66;7.12
sf_1673034-PPT.jpg;8.68;5.84;5.79;8.62
sf_1858071-PPT.jpg;9.28;8.82;6.1;8.1
sf_1858074-PPT.jpg;7.73;8.95;9.44;4.34
sf_4387058-PPT.jpg;4.98;11.24;9.42;10.95
sf_5110009-PPT.jpg;14.05;10.18;6.36;6.07
sf_5360472-PPT.jpg;8.81;12.6;8.06;9.27
sf_5361210-PPT.jpg;9.41;7.23;7.31;8.63
sf_5367921-PPT.jpg;5.84;6.11;7.36;7.26
sf_5367922-PPT.jpg;5.36;5.78;7.35;7.33
sf_5367923-PPT.jpg;5.07;5.49;6.04;6.54
sf_5367924-PPT.jpg;5.77;6.76;7.38;7.41
sf_5438976-PPT.jpg;7.53;7.95;6.43;6.49
sf_5438977-PPT.jpg;6.95;5.91;8.39;8.04
sf_5438978-PPT.jpg;7.07;7.4;8.96;8.86
sf_5507023-PPT.jpg;3.18;3.99;2.91;2.83
sf_5507028-PPT.jpg;9.42;4.98;6.92;5.78
