Imagem;Q1;Q2;Q3;Q4;
hz_1224099-PPT.jpg;28.5;27.78;21.12;23.33
hz_1234055-PPT.jpg;29.72;28.75;22.65;22.79
hz_1234223-PPT.jpg;27.57;25.88;22.23;23.09
hz_1235128-PPT.jpg;26.21;26.3;23.35;22.16
hz_1235134-PPT.jpg;32.14;29.33;23.18;25.12
hz_1235167-PPT.jpg;28.12;23.16;20.94;19.19
hz_1236191-PPT.jpg;21.3;21.27;18.86;18.69
hz_1242061-PPT.jpg;22.41;31.87;22.65;18.84
hz_1327005-PPT.jpg;28.16;23.67;19.87;19.88
hz_1327006-PPT.jpg;33.25;22.6;18.76;17.16
hz_1327007-PPT.jpg;33.42;23.25;19.42;17.95
hz_1327010-PPT.jpg;24.84;22.99;18.9;17.61
hz_1432033-PPT.jpg;29.42;26.36;24.61;22.98
hz_1435039-PPT.jpg;25.99;23.34;20.72;20.28
hz_1435044-PPT.jpg;25.75;24.57;19.81;18.84
hz_1435166-PPT.jpg;23.63;20.16;18.59;17.56
hz_1472066-PPT.jpg;25.44;25.53;21.61;21.52
hz_1472071-PPT.jpg;26.56;23.61;20.27;18.79
hz_1472072-PPT.jpg;24.37;26.19;21.68;19.83
hz_1599057-PPT.jpg;29.94;26.64;22.85;25.02
hz_1599059-PPT.jpg;31.4;27.89;24.08;23.08
hz_1599060-PPT.jpg;27.04;27.19;22.35;23.21
hz_1599434-PPT.jpg;30.68;30.07;25.75;22.56
hz_1599436-PPT.jpg;31.38;30.0;23.66;23.67
hz_1599438-PPT.jpg;29.58;30.34;22.85;24.95
hz_1599880-PPT.jpg;25.73;22.2;20.98;20.31
hz_1599958-PPT.jpg;24.44;26.46;22.61;18.62
hz_1599992-PPT.jpg;25.97;26.09;23.41;20.47
hz_1599995-PPT.jpg;28.02;24.05;21.0;22.84
hz_1599996-PPT.jpg;26.0;23.04;21.36;19.34
hz_1599997-PPT.jpg;25.57;24.99;21.9;20.34
hz_1600092-PPT.jpg;24.07;22.48;19.08;19.2
hz_1600093-PPT.jpg;21.3;20.97;19.3;18.41
hz_5360671-PPT.jpg;27.77;29.83;22.75;20.51
hz_5360672-PPT.jpg;23.71;24.37;20.6;18.98
hz_5361215-PPT.jpg;25.98;25.6;22.04;21.76
hz_5506206-PPT.jpg;24.12;25.42;21.69;22.65
hz_5506207-PPT.jpg;23.98;26.21;23.13;21.91
hz_5511469-PPT.jpg;28.49;26.4;22.18;22.16
hz_5520223-PPT.jpg;26.06;26.07;22.55;19.35
hz_imagem_64.jpg;30.15;24.83;26.15;22.06
hz_imagem_68.jpg;25.58;23.08;22.73;21.11
sf_1235063-PPT.jpg;24.08;31.3;24.08;24.14
sf_1235064-PPT.jpg;23.07;26.52;23.26;23.99
sf_1235135-PPT.jpg;24.89;24.38;21.45;20.14
sf_1320022-PPT.jpg;25.17;21.03;19.04;20.12
sf_1327032-PPT.jpg;31.15;30.27;21.59;21.72
sf_1327071-PPT.jpg;29.51;25.64;21.96;21.7
sf_1327072-PPT.jpg;26.36;25.57;23.17;21.3
sf_1327073-PPT.jpg;24.51;22.9;19.16;19.79
sf_1435040-PPT.jpg;24.02;22.86;21.52;18.68
sf_1435163-PPT.jpg;31.54;24.36;23.65;22.99
sf_1481171-PPT.jpg;26.57;23.52;20.34;20.82
sf_1599072-PPT.jpg;31.06;25.15;23.68;22.24
sf_1599073-PPT.jpg;28.66;24.76;21.56;23.78
sf_1599417-PPT.jpg;26.67;25.68;20.15;20.42
sf_1599419-PPT.jpg;28.59;24.78;22.59;21.97
sf_1599420-PPT.jpg;30.33;27.12;22.15;25.19
sf_1599888-PPT.jpg;35.62;26.36;23.2;26.31
sf_1599889-PPT.jpg;35.63;26.34;23.06;26.01
sf_1599890-PPT.jpg;33.6;23.89;22.34;24.07
sf_1599891-PPT.jpg;30.2;25.05;23.28;23.68
sf_1599892-PPT.jpg;26.83;27.07;22.78;22.66
sf_1599893-PPT.jpg;23.29;22.4;19.65;17.84
sf_1599894-PPT.jpg;27.77;23.1;19.98;17.16
sf_1599998-PPT.jpg;29.83;22.94;21.82;22.35
sf_1599999-PPT.jpg;29.82;22.87;21.82;22.43
sf_1600000-PPT.jpg;26.21;26.84;20.99;20.63
sf_1600001-PPT.jpg;25.4;22.0;20.63;20.84
sf_1600003-PPT.jpg;25.75;25.23;21.77;22.42
sf_1600004-PPT.jpg;36.85;26.13;21.31;20.93
sf_1600005-PPT.jpg;28.94;25.72;21.32;20.65
sf_1600006-PPT.jpg;25.75;25.31;21.75;22.56
sf_1600007-PPT.jpg;27.26;25.78;20.57;21.05
sf_1600008-PPT.jpg;25.07;24.5;20.87;19.69
sf_1600009-PPT.jpg;25.47;26.63;21.36;20.01
sf_1600010-PPT.jpg;25.57;21.84;20.46;18.84
sf_1600011-PPT.jpg;32.79;27.96;23.44;24.94
sf_1600099-PPT.jpg;25.96;26.07;20.73;20.2
sf_1600101-PPT.jpg;25.58;27.83;22.54;19.11
sf_1600102-PPT.jpg;27.77;24.97;22.57;22.86
sf_1600133-PPT.jpg;23.56;25.47;20.28;19.44
sf_1600134-PPT.jpg;31.16;24.69;24.66;22.9
sf_1600135-PPT.jpg;31.1;28.84;22.6;22.68
sf_1673034-PPT.jpg;31.39;22.53;21.74;21.4
sf_1858071-PPT.jpg;28.26;27.11;21.2;19.2
sf_1858074-PPT.jpg;28.13;27.56;21.06;18.93
sf_4387058-PPT.jpg;23.49;24.03;20.54;17.86
sf_5110009-PPT.jpg;27.05;22.53;21.37;18.91
sf_5360472-PPT.jpg;26.19;24.71;21.7;18.34
sf_5361210-PPT.jpg;25.89;25.7;21.97;18.68
sf_5367921-PPT.jpg;34.28;31.93;24.79;25.37
sf_5367922-PPT.jpg;29.02;27.82;24.6;24.38
sf_5367923-PPT.jpg;31.25;30.7;24.99;25.96
sf_5367924-PPT.jpg;28.95;30.04;24.99;26.85
sf_5438976-PPT.jpg;35.28;29.12;24.8;28.06
sf_5438977-PPT.jpg;31.43;28.85;24.92;25.67
sf_5438978-PPT.jpg;29.51;34.67;24.52;25.77
sf_5507023-PPT.jpg;25.99;24.71;21.46;19.36
sf_5507028-PPT.jpg;25.59;24.76;18.26;17.2
