Imagem;Q1;Q2;Q3;Q4;
hz_1224099-PPT.jpg;14916.59;6177.54;6092.82;6780.78
hz_1234055-PPT.jpg;21207.53;18220.93;21364.37;20000.07
hz_1234223-PPT.jpg;34951.96;24782.89;11898.14;14700.82
hz_1235128-PPT.jpg;19405.68;6254.31;15446.78;20755.85
hz_1235134-PPT.jpg;30136.12;30844.07;15137.32;14341.12
hz_1235167-PPT.jpg;7350.88;9299.46;32499.72;12875.9
hz_1236191-PPT.jpg;22386.54;26905.04;15967.2;13266.32
hz_1242061-PPT.jpg;9204.74;7914.07;8568.27;9500.4
hz_1327005-PPT.jpg;1103.29;34183.39;14498.24;12480.33
hz_1327006-PPT.jpg;2152.8;4934.95;13255.3;11914.75
hz_1327007-PPT.jpg;742.98;4111.5;10670.54;9327.11
hz_1327010-PPT.jpg;39062.4;25016.41;29657.63;39904.72
hz_1432033-PPT.jpg;12789.91;13054.39;10359.19;6605.3
hz_1435039-PPT.jpg;35512.52;23962.14;13517.11;16804.65
hz_1435044-PPT.jpg;18068.45;12827.44;21227.78;21844.0
hz_1435166-PPT.jpg;12840.51;25483.06;14263.48;13460.31
hz_1472066-PPT.jpg;27269.56;25039.94;29338.24;20698.35
hz_1472071-PPT.jpg;37735.17;33413.97;28973.09;34577.63
hz_1472072-PPT.jpg;18714.25;27890.37;17798.61;29881.03
hz_1599057-PPT.jpg;25555.97;21621.83;17413.89;13977.29
hz_1599059-PPT.jpg;14922.11;10857.75;9483.31;7976.05
hz_1599060-PPT.jpg;11861.3;15490.64;10077.23;10492.38
hz_1599434-PPT.jpg;15368.62;15998.3;11143.22;9907.2
hz_1599436-PPT.jpg;13379.16;14823.49;8457.84;13164.53
hz_1599438-PPT.jpg;11845.86;19377.39;17731.63;15651.5
hz_1599880-PPT.jpg;5315.49;8360.73;10868.39;14723.8
hz_1599958-PPT.jpg;9872.42;23563.15;16141.09;10654.75
hz_1599992-PPT.jpg;21864.71;29211.89;17953.03;28190.46
hz_1599995-PPT.jpg;2417.87;11296.85;11238.45;11013.24
hz_1599996-PPT.jpg;20734.06;10054.96;9713.95;6892.07
hz_1599997-PPT.jpg;18612.44;13881.21;14148.23;17884.1
hz_1600092-PPT.jpg;17036.64;21973.21;23194.27;14550.02
hz_1600093-PPT.jpg;13741.79;14929.89;14002.14;19047.38
hz_5360671-PPT.jpg;16193.11;9206.91;6504.95;6326.52
hz_5360672-PPT.jpg;12913.35;13442.89;28640.89;9648.95
hz_5361215-PPT.jpg;23874.82;30583.35;24709.25;11166.07
hz_5506206-PPT.jpg;14807.08;5645.05;12326.62;14825.77
hz_5506207-PPT.jpg;10487.9;15149.96;6564.36;17929.49
hz_5511469-PPT.jpg;32465.66;21429.7;12765.13;16166.51
hz_5520223-PPT.jpg;32012.02;11301.74;6866.02;14059.53
hz_imagem_64.jpg;37781.36;28324.03;12615.06;12352.55
hz_imagem_68.jpg;15141.0;13002.89;21926.78;18448.48
sf_1235063-PPT.jpg;17343.76;21491.17;14428.94;14938.71
sf_1235064-PPT.jpg;19623.4;15340.25;14100.7;13437.35
sf_1235135-PPT.jpg;22480.54;17054.13;17473.04;22171.46
sf_1320022-PPT.jpg;9919.24;14172.38;12085.04;12682.52
sf_1327032-PPT.jpg;30757.96;20961.86;16026.63;18871.31
sf_1327071-PPT.jpg;3620.34;3096.76;6631.98;6010.09
sf_1327072-PPT.jpg;23205.05;15019.18;7782.94;7626.63
sf_1327073-PPT.jpg;13939.89;21056.9;16630.8;18092.02
sf_1435040-PPT.jpg;6964.5;5625.61;32034.75;37756.61
sf_1435163-PPT.jpg;11250.33;9053.35;8622.29;10218.01
sf_1481171-PPT.jpg;2390.97;4487.09;8181.67;12918.37
sf_1599072-PPT.jpg;3528.09;8177.1;10819.89;6733.74
sf_1599073-PPT.jpg;14462.48;8131.93;31117.9;11685.54
sf_1599417-PPT.jpg;20448.82;27377.55;34118.35;17011.74
sf_1599419-PPT.jpg;5022.47;15230.07;11318.09;8810.43
sf_1599420-PPT.jpg;15762.94;10937.75;26080.53;11398.3
sf_1599888-PPT.jpg;30135.39;21349.13;19093.17;15642.99
sf_1599889-PPT.jpg;30135.45;21359.13;19043.33;15651.66
sf_1599890-PPT.jpg;30693.98;21458.93;17789.95;14997.53
sf_1599891-PPT.jpg;32395.72;33505.88;16012.87;15326.18
sf_1599892-PPT.jpg;22648.35;23888.86;15511.46;18443.81
sf_1599893-PPT.jpg;18397.08;7107.39;6013.96;5269.29
sf_1599894-PPT.jpg;1547.7;3698.13;4834.96;5845.6
sf_1599998-PPT.jpg;17392.89;24624.31;24155.44;14734.04
sf_1599999-PPT.jpg;17393.03;24574.04;24196.6;14751.44
sf_1600000-PPT.jpg;35076.51;24298.77;17691.92;16914.06
sf_1600001-PPT.jpg;9468.04;4943.84;12513.07;19607.6
sf_1600003-PPT.jpg;30908.67;29167.17;12499.56;24951.3
sf_1600004-PPT.jpg;1355.16;5644.16;24636.02;21616.52
sf_1600005-PPT.jpg;2785.63;3653.13;33405.26;27701.11
sf_1600006-PPT.jpg;30908.08;29138.76;12508.26;24970.54
sf_1600007-PPT.jpg;25005.34;38095.4;26025.35;14538.71
sf_1600008-PPT.jpg;9755.67;10957.62;7150.26;6513.61
sf_1600009-PPT.jpg;21293.3;15350.03;11768.2;14413.1
sf_1600010-PPT.jpg;23134.2;15455.89;26287.52;32023.86
sf_1600011-PPT.jpg;17910.55;17350.5;13073.63;8057.2
sf_1600099-PPT.jpg;42213.74;32748.66;23041.85;23686.25
sf_1600101-PPT.jpg;35373.34;26869.33;27653.82;30842.86
sf_1600102-PPT.jpg;22637.61;16823.98;15568.44;12767.98
sf_1600133-PPT.jpg;12100.77;3411.8;11132.85;10265.89
sf_1600134-PPT.jpg;11896.08;10284.16;9688.63;9934.37
sf_1600135-PPT.jpg;20664.93;25576.46;15536.18;13249.17
sf_1673034-PPT.jpg;9419.83;17794.12;17766.28;9697.76
sf_1858071-PPT.jpg;8754.0;9294.58;17104.85;10695.54
sf_1858074-PPT.jpg;12082.95;9541.02;7981.38;24715.82
sf_4387058-PPT.jpg;22832.72;5525.28;8143.63;5450.58
sf_5110009-PPT.jpg;3094.1;6822.78;15530.6;16765.35
sf_5360472-PPT.jpg;10082.0;3978.08;10561.04;8134.23
sf_5361210-PPT.jpg;8087.99;13122.23;12730.13;9526.57
sf_5367921-PPT.jpg;17031.35;16050.48;12314.19;12440.34
sf_5367922-PPT.jpg;19264.14;17471.85;12323.96;12223.91
sf_5367923-PPT.jpg;20527.98;18590.49;16738.56;14621.39
sf_5367924-PPT.jpg;17790.82;13929.89;12317.26;11987.04
sf_5438976-PPT.jpg;12204.94;10751.11;15278.63;15088.97
sf_5438977-PPT.jpg;13833.08;17602.65;9871.12;10609.89
sf_5438978-PPT.jpg;13469.55;12043.6;8680.5;8800.02
sf_5507023-PPT.jpg;32476.53;26700.27;34126.17;34242.26
sf_5507028-PPT.jpg;8865.51;21283.7;14085.21;17790.84
