Imagem;Q1;Q2;Q3;Q4;
hz_1224099-PPT.jpg;24.95;86.18;386.52;397.88
hz_1234055-PPT.jpg;15.6;71.64;269.23;343.44
hz_1234223-PPT.jpg;39.91;114.14;301.54;331.55
hz_1235128-PPT.jpg;50.47;122.43;246.04;427.24
hz_1235134-PPT.jpg;12.26;97.53;235.13;218.05
hz_1235167-PPT.jpg;35.01;138.53;469.53;614.88
hz_1236191-PPT.jpg;102.26;212.78;511.61;704.12
hz_1242061-PPT.jpg;87.15;60.26;249.35;658.02
hz_1327005-PPT.jpg;44.23;214.34;398.05;530.46
hz_1327006-PPT.jpg;7.22;295.88;732.01;1115.94
hz_1327007-PPT.jpg;8.57;292.67;665.36;1014.61
hz_1327010-PPT.jpg;49.45;146.29;568.28;1217.49
hz_1432033-PPT.jpg;16.95;85.87;166.53;360.16
hz_1435039-PPT.jpg;47.28;148.95;390.04;554.23
hz_1435044-PPT.jpg;63.46;169.2;413.46;779.93
hz_1435166-PPT.jpg;73.45;243.62;474.36;1086.86
hz_1472066-PPT.jpg;66.68;131.84;367.61;446.13
hz_1472071-PPT.jpg;40.22;157.84;442.59;905.76
hz_1472072-PPT.jpg;89.37;113.16;315.04;742.43
hz_1599057-PPT.jpg;21.78;91.95;221.7;253.43
hz_1599059-PPT.jpg;9.93;74.0;197.9;347.06
hz_1599060-PPT.jpg;29.85;75.39;309.79;316.85
hz_1599434-PPT.jpg;13.87;66.56;143.9;377.43
hz_1599436-PPT.jpg;13.25;55.6;238.07;310.18
hz_1599438-PPT.jpg;16.6;63.97;229.45;231.73
hz_1599880-PPT.jpg;63.81;188.7;354.07;532.27
hz_1599958-PPT.jpg;76.64;94.13;231.02;874.95
hz_1599992-PPT.jpg;61.33;127.57;243.94;634.66
hz_1599995-PPT.jpg;28.9;153.35;413.13;352.39
hz_1599996-PPT.jpg;50.96;153.84;330.43;752.05
hz_1599997-PPT.jpg;48.24;97.37;261.83;531.86
hz_1600092-PPT.jpg;70.11;232.48;433.92;591.16
hz_1600093-PPT.jpg;115.26;246.5;452.08;706.0
hz_5360671-PPT.jpg;29.2;68.73;292.84;639.59
hz_5360672-PPT.jpg;75.42;166.04;410.21;795.81
hz_5361215-PPT.jpg;49.73;133.85;311.31;397.25
hz_5506206-PPT.jpg;61.9;138.1;300.87;340.36
hz_5506207-PPT.jpg;56.56;97.88;278.87;439.09
hz_5511469-PPT.jpg;26.14;89.94;297.06;358.08
hz_5520223-PPT.jpg;49.59;93.71;317.93;683.47
hz_imagem_64.jpg;11.44;148.48;164.56;429.67
hz_imagem_68.jpg;35.1;102.96;251.03;419.42
sf_1235063-PPT.jpg;67.34;62.02;194.5;251.78
sf_1235064-PPT.jpg;44.64;74.89;204.07;252.96
sf_1235135-PPT.jpg;80.25;177.05;372.73;647.82
sf_1320022-PPT.jpg;77.45;243.76;320.66;522.26
sf_1327032-PPT.jpg;10.71;61.41;241.74;358.1
sf_1327071-PPT.jpg;19.63;193.77;331.01;464.23
sf_1327072-PPT.jpg;36.29;97.97;240.61;488.97
sf_1327073-PPT.jpg;85.07;191.61;670.89;639.83
sf_1435040-PPT.jpg;96.22;217.27;367.42;969.8
sf_1435163-PPT.jpg;18.05;116.0;211.04;328.58
sf_1481171-PPT.jpg;51.29;239.77;437.86;500.8
sf_1599072-PPT.jpg;13.72;145.04;202.03;447.59
sf_1599073-PPT.jpg;28.3;139.13;399.82;286.24
sf_1599417-PPT.jpg;37.01;144.27;551.88;587.13
sf_1599419-PPT.jpg;22.25;122.39;296.01;489.23
sf_1599420-PPT.jpg;21.69;90.94;320.52;235.18
sf_1599888-PPT.jpg;4.09;92.04;204.21;198.83
sf_1599889-PPT.jpg;4.09;91.47;205.29;199.42
sf_1599890-PPT.jpg;7.09;118.68;231.18;276.1
sf_1599891-PPT.jpg;16.68;143.2;212.66;297.45
sf_1599892-PPT.jpg;27.52;91.72;233.61;375.84
sf_1599893-PPT.jpg;87.22;221.64;707.27;1198.26
sf_1599894-PPT.jpg;35.87;235.9;636.11;1300.42
sf_1599998-PPT.jpg;28.67;160.92;290.42;370.57
sf_1599999-PPT.jpg;28.66;162.69;289.69;383.85
sf_1600000-PPT.jpg;26.61;105.93;370.24;511.98
sf_1600001-PPT.jpg;44.91;208.76;426.27;516.71
sf_1600003-PPT.jpg;46.39;128.92;302.66;436.15
sf_1600004-PPT.jpg;5.87;112.94;352.22;525.94
sf_1600005-PPT.jpg;27.4;163.42;436.18;609.61
sf_1600006-PPT.jpg;46.3;126.64;296.76;430.02
sf_1600007-PPT.jpg;36.16;150.17;450.51;529.52
sf_1600008-PPT.jpg;44.52;130.8;436.48;694.66
sf_1600009-PPT.jpg;54.32;97.82;379.6;648.3
sf_1600010-PPT.jpg;49.62;203.43;482.06;854.73
sf_1600011-PPT.jpg;12.71;71.44;201.1;282.76
sf_1600099-PPT.jpg;46.96;138.94;388.37;606.45
sf_1600101-PPT.jpg;49.46;102.29;360.53;819.31
sf_1600102-PPT.jpg;24.46;88.69;229.89;325.73
sf_1600133-PPT.jpg;60.78;199.28;400.51;625.71
sf_1600134-PPT.jpg;16.37;100.28;212.8;333.48
sf_1600135-PPT.jpg;21.98;83.69;233.23;355.97
sf_1673034-PPT.jpg;17.77;151.4;279.4;478.97
sf_1858071-PPT.jpg;24.29;87.32;453.93;770.59
sf_1858074-PPT.jpg;29.56;98.38;486.08;821.01
sf_4387058-PPT.jpg;100.73;186.63;573.44;1115.56
sf_5110009-PPT.jpg;48.75;258.88;343.08;779.79
sf_5360472-PPT.jpg;35.76;224.73;343.07;976.8
sf_5361210-PPT.jpg;54.08;141.93;296.07;828.53
sf_5367921-PPT.jpg;5.67;47.02;169.83;192.08
sf_5367922-PPT.jpg;21.77;70.52;166.35;254.92
sf_5367923-PPT.jpg;14.76;52.98;167.57;200.16
sf_5367924-PPT.jpg;23.46;52.6;157.29;183.23
sf_5438976-PPT.jpg;7.73;63.09;165.67;168.08
sf_5438977-PPT.jpg;11.01;67.96;158.0;215.16
sf_5438978-PPT.jpg;20.32;44.03;188.46;259.54
sf_5507023-PPT.jpg;43.78;119.13;403.54;817.15
sf_5507028-PPT.jpg;56.73;122.32;871.48;1244.86
