Imagem;Q1;Q2;Q3;Q4;
hz_1224099-PPT.jpg;91.94;108.29;502.16;301.77
hz_1234055-PPT.jpg;69.37;86.65;353.39;341.81
hz_1234223-PPT.jpg;113.7;167.89;389.56;319.12
hz_1235128-PPT.jpg;155.48;152.31;300.9;395.61
hz_1235134-PPT.jpg;39.73;75.94;312.36;200.0
hz_1235167-PPT.jpg;100.15;313.95;523.95;782.69
hz_1236191-PPT.jpg;481.66;485.41;845.34;880.19
hz_1242061-PPT.jpg;372.93;42.3;352.99;849.21
hz_1327005-PPT.jpg;99.27;279.03;669.45;669.2
hz_1327006-PPT.jpg;30.8;357.33;864.61;1251.38
hz_1327007-PPT.jpg;29.56;307.92;743.53;1043.07
hz_1327010-PPT.jpg;213.18;326.94;836.96;1127.85
hz_1432033-PPT.jpg;74.38;150.24;224.79;327.36
hz_1435039-PPT.jpg;163.77;301.04;550.46;610.08
hz_1435044-PPT.jpg;172.82;227.09;679.77;848.55
hz_1435166-PPT.jpg;281.74;626.64;899.33;1141.36
hz_1472066-PPT.jpg;185.75;181.87;449.02;458.75
hz_1472071-PPT.jpg;143.71;282.98;611.59;858.28
hz_1472072-PPT.jpg;237.88;156.5;442.06;676.09
hz_1599057-PPT.jpg;65.98;140.89;337.42;204.66
hz_1599059-PPT.jpg;47.09;105.64;254.1;320.01
hz_1599060-PPT.jpg;128.41;124.2;378.27;310.45
hz_1599434-PPT.jpg;55.59;63.95;173.03;360.95
hz_1599436-PPT.jpg;47.28;65.08;280.07;279.52
hz_1599438-PPT.jpg;71.7;60.11;337.18;208.04
hz_1599880-PPT.jpg;173.8;391.41;518.87;604.92
hz_1599958-PPT.jpg;234.11;146.78;356.2;893.93
hz_1599992-PPT.jpg;164.45;159.91;296.53;583.5
hz_1599995-PPT.jpg;102.47;255.9;516.69;338.13
hz_1599996-PPT.jpg;163.4;323.21;475.22;757.75
hz_1599997-PPT.jpg;180.31;205.93;419.71;601.22
hz_1600092-PPT.jpg;254.53;367.56;803.18;781.63
hz_1600093-PPT.jpg;481.88;520.19;764.68;938.53
hz_5360671-PPT.jpg;108.62;67.62;345.49;577.81
hz_5360672-PPT.jpg;277.06;237.62;566.85;822.73
hz_5361215-PPT.jpg;164.1;179.06;406.72;433.24
hz_5506206-PPT.jpg;251.84;186.75;440.71;352.96
hz_5506207-PPT.jpg;259.96;155.62;316.12;418.52
hz_5511469-PPT.jpg;91.98;148.96;394.01;395.37
hz_5520223-PPT.jpg;160.97;160.59;361.59;755.48
hz_imagem_64.jpg;62.8;214.07;157.86;404.25
hz_imagem_68.jpg;179.93;320.28;346.83;503.96
sf_1235063-PPT.jpg;254.35;48.25;254.29;250.5
sf_1235064-PPT.jpg;320.4;145.03;306.8;259.53
sf_1235135-PPT.jpg;210.81;237.45;465.93;629.43
sf_1320022-PPT.jpg;197.86;513.18;810.39;632.71
sf_1327032-PPT.jpg;49.95;61.08;450.68;437.68
sf_1327071-PPT.jpg;72.87;177.51;414.2;439.16
sf_1327072-PPT.jpg;150.49;180.39;313.06;481.63
sf_1327073-PPT.jpg;230.3;333.42;788.53;681.84
sf_1435040-PPT.jpg;257.92;336.88;458.13;881.74
sf_1435163-PPT.jpg;45.6;238.04;280.82;326.51
sf_1481171-PPT.jpg;143.14;289.01;601.85;538.61
sf_1599072-PPT.jpg;50.96;198.82;278.36;387.84
sf_1599073-PPT.jpg;88.44;217.5;453.67;272.12
sf_1599417-PPT.jpg;139.86;175.86;628.29;590.35
sf_1599419-PPT.jpg;89.95;216.29;357.8;413.14
sf_1599420-PPT.jpg;60.22;126.21;396.51;196.96
sf_1599888-PPT.jpg;17.81;150.23;311.27;151.99
sf_1599889-PPT.jpg;17.8;151.02;321.3;162.79
sf_1599890-PPT.jpg;28.38;265.72;379.51;254.83
sf_1599891-PPT.jpg;62.06;203.11;305.71;278.45
sf_1599892-PPT.jpg;135.05;127.69;343.18;352.45
sf_1599893-PPT.jpg;304.91;374.53;704.66;1069.88
sf_1599894-PPT.jpg;108.76;318.72;653.19;1251.65
sf_1599998-PPT.jpg;67.65;330.7;427.65;378.3
sf_1599999-PPT.jpg;67.83;336.13;427.61;371.29
sf_1600000-PPT.jpg;155.6;134.54;518.01;562.95
sf_1600001-PPT.jpg;187.5;410.3;562.53;535.7
sf_1600003-PPT.jpg;173.1;194.83;432.7;372.33
sf_1600004-PPT.jpg;13.42;158.66;481.04;524.36
sf_1600005-PPT.jpg;82.99;174.25;479.34;560.05
sf_1600006-PPT.jpg;172.98;191.65;435.0;360.86
sf_1600007-PPT.jpg;122.3;171.68;570.57;510.67
sf_1600008-PPT.jpg;202.17;230.84;531.75;698.88
sf_1600009-PPT.jpg;184.62;141.4;475.43;648.12
sf_1600010-PPT.jpg;180.23;425.93;584.53;849.83
sf_1600011-PPT.jpg;34.2;104.02;294.73;208.29
sf_1600099-PPT.jpg;164.81;160.88;549.56;621.33
sf_1600101-PPT.jpg;179.93;107.18;362.37;798.08
sf_1600102-PPT.jpg;108.76;207.05;359.44;336.67
sf_1600133-PPT.jpg;286.16;184.46;609.49;739.85
sf_1600134-PPT.jpg;49.73;220.72;222.34;333.67
sf_1600135-PPT.jpg;50.44;84.95;357.64;350.62
sf_1673034-PPT.jpg;47.25;363.28;435.32;471.08
sf_1858071-PPT.jpg;97.03;126.62;493.66;782.26
sf_1858074-PPT.jpg;100.0;114.05;509.62;831.46
sf_4387058-PPT.jpg;291.17;257.01;574.87;1063.52
sf_5110009-PPT.jpg;128.24;362.89;474.24;836.13
sf_5360472-PPT.jpg;156.48;219.87;439.37;953.34
sf_5361210-PPT.jpg;167.52;174.89;412.7;880.86
sf_5367921-PPT.jpg;24.27;41.67;215.97;188.86
sf_5367922-PPT.jpg;81.52;107.38;225.38;236.93
sf_5367923-PPT.jpg;48.74;55.34;206.3;164.95
sf_5367924-PPT.jpg;82.86;64.38;206.02;134.4
sf_5438976-PPT.jpg;19.29;79.63;215.48;101.66
sf_5438977-PPT.jpg;46.82;84.66;209.36;176.37
sf_5438978-PPT.jpg;72.82;22.19;229.7;172.37
sf_5507023-PPT.jpg;163.65;219.65;464.08;753.32
sf_5507028-PPT.jpg;179.47;217.35;971.32;1237.68
