Imagem;Q1;Q2;Q3;Q4;
hz_1224099-PPT.jpg;47.02;85.39;402.3;322.58
hz_1234055-PPT.jpg;43.86;76.22;302.61;325.09
hz_1234223-PPT.jpg;69.34;114.79;314.99;293.29
hz_1235128-PPT.jpg;98.1;122.02;261.57;386.75
hz_1235134-PPT.jpg;23.36;73.06;267.3;191.19
hz_1235167-PPT.jpg;63.87;216.89;467.08;667.6
hz_1236191-PPT.jpg;225.74;288.19;618.37;735.82
hz_1242061-PPT.jpg;188.09;43.81;285.3;689.13
hz_1327005-PPT.jpg;66.95;230.46;496.74;551.09
hz_1327006-PPT.jpg;13.86;300.59;766.06;1142.88
hz_1327007-PPT.jpg;15.98;279.27;678.45;987.42
hz_1327010-PPT.jpg;115.97;209.59;667.7;1139.75
hz_1432033-PPT.jpg;39.02;97.02;184.75;321.12
hz_1435039-PPT.jpg;87.67;180.34;440.03;555.68
hz_1435044-PPT.jpg;103.67;170.0;496.12;776.9
hz_1435166-PPT.jpg;145.8;367.67;608.4;1065.79
hz_1472066-PPT.jpg;111.4;141.36;380.78;437.57
hz_1472071-PPT.jpg;85.23;199.13;479.65;858.1
hz_1472072-PPT.jpg;146.86;125.83;360.73;667.85
hz_1599057-PPT.jpg;38.12;96.6;259.54;203.91
hz_1599059-PPT.jpg;22.69;76.26;216.68;312.93
hz_1599060-PPT.jpg;63.53;80.99;335.88;277.58
hz_1599434-PPT.jpg;28.93;56.73;151.0;341.85
hz_1599436-PPT.jpg;25.76;49.35;246.26;269.93
hz_1599438-PPT.jpg;33.79;54.97;257.95;198.21
hz_1599880-PPT.jpg;109.17;272.06;418.89;532.54
hz_1599958-PPT.jpg;133.74;103.63;259.17;880.29
hz_1599992-PPT.jpg;99.33;126.44;255.08;592.64
hz_1599995-PPT.jpg;52.81;165.14;440.9;320.19
hz_1599996-PPT.jpg;95.95;210.32;371.42;732.22
hz_1599997-PPT.jpg;93.73;131.1;302.53;508.36
hz_1600092-PPT.jpg;137.4;260.71;560.19;637.7
hz_1600093-PPT.jpg;245.9;333.11;556.65;769.05
hz_5360671-PPT.jpg;58.33;60.19;302.14;578.58
hz_5360672-PPT.jpg;155.98;181.93;458.38;764.32
hz_5361215-PPT.jpg;94.49;137.07;343.06;381.48
hz_5506206-PPT.jpg;126.98;149.76;361.16;309.97
hz_5506207-PPT.jpg;138.3;109.11;276.81;399.22
hz_5511469-PPT.jpg;50.42;104.81;329.46;339.9
hz_5520223-PPT.jpg;92.92;111.89;320.38;661.53
hz_imagem_64.jpg;23.83;161.07;138.57;392.03
hz_imagem_68.jpg;96.62;188.3;272.41;451.94
sf_1235063-PPT.jpg;148.39;48.79;212.93;227.99
sf_1235064-PPT.jpg;127.43;82.23;225.56;224.64
sf_1235135-PPT.jpg;132.05;192.27;391.1;609.57
sf_1320022-PPT.jpg;126.73;346.95;518.1;550.09
sf_1327032-PPT.jpg;24.36;47.24;320.75;369.25
sf_1327071-PPT.jpg;38.51;172.6;346.23;420.75
sf_1327072-PPT.jpg;81.46;120.69;265.11;457.23
sf_1327073-PPT.jpg;139.24;239.3;697.76;617.33
sf_1435040-PPT.jpg;166.69;253.66;392.69;908.14
sf_1435163-PPT.jpg;29.97;166.32;236.64;302.48
sf_1481171-PPT.jpg;86.4;244.48;500.23;493.07
sf_1599072-PPT.jpg;24.69;154.59;232.51;386.43
sf_1599073-PPT.jpg;53.31;163.1;412.12;261.6
sf_1599417-PPT.jpg;83.41;139.53;562.34;548.31
sf_1599419-PPT.jpg;43.27;142.9;317.57;422.77
sf_1599420-PPT.jpg;37.37;97.09;344.25;198.71
sf_1599888-PPT.jpg;8.25;105.92;230.51;153.43
sf_1599889-PPT.jpg;8.26;107.18;240.92;163.09
sf_1599890-PPT.jpg;14.18;169.39;272.05;237.93
sf_1599891-PPT.jpg;34.85;153.64;250.75;271.44
sf_1599892-PPT.jpg;68.08;89.38;259.05;323.78
sf_1599893-PPT.jpg;209.46;286.58;695.1;1095.12
sf_1599894-PPT.jpg;68.39;276.74;631.78;1257.81
sf_1599998-PPT.jpg;44.23;212.3;336.46;356.88
sf_1599999-PPT.jpg;44.24;218.82;336.11;347.02
sf_1600000-PPT.jpg;69.81;103.35;399.85;509.07
sf_1600001-PPT.jpg;97.51;259.32;471.33;486.12
sf_1600003-PPT.jpg;98.46;158.13;347.87;389.54
sf_1600004-PPT.jpg;9.11;115.62;385.83;500.7
sf_1600005-PPT.jpg;47.85;159.33;438.65;556.89
sf_1600006-PPT.jpg;98.4;155.71;347.68;377.75
sf_1600007-PPT.jpg;62.04;147.93;482.7;496.08
sf_1600008-PPT.jpg;99.5;163.98;460.31;660.84
sf_1600009-PPT.jpg;103.34;101.89;404.16;617.94
sf_1600010-PPT.jpg;105.41;287.93;510.66;818.07
sf_1600011-PPT.jpg;21.98;73.87;233.55;222.09
sf_1600099-PPT.jpg;92.65;140.0;433.67;568.82
sf_1600101-PPT.jpg;91.91;93.3;337.96;779.03
sf_1600102-PPT.jpg;55.06;123.05;270.32;300.81
sf_1600133-PPT.jpg;129.7;178.95;478.83;612.24
sf_1600134-PPT.jpg;31.71;150.83;203.96;310.35
sf_1600135-PPT.jpg;32.97;75.95;277.76;317.46
sf_1673034-PPT.jpg;29.23;242.79;343.53;455.39
sf_1858071-PPT.jpg;48.41;94.17;456.18;736.91
sf_1858074-PPT.jpg;58.63;97.19;478.76;786.91
sf_4387058-PPT.jpg;173.42;202.79;550.78;1059.94
sf_5110009-PPT.jpg;80.0;289.5;397.57;784.61
sf_5360472-PPT.jpg;83.32;208.79;369.87;914.08
sf_5361210-PPT.jpg;103.1;139.21;336.27;804.45
sf_5367921-PPT.jpg;13.54;38.25;182.75;164.66
sf_5367922-PPT.jpg;43.7;77.85;189.48;231.36
sf_5367923-PPT.jpg;29.96;45.3;174.02;171.58
sf_5367924-PPT.jpg;49.31;49.76;170.2;140.13
sf_5438976-PPT.jpg;11.78;59.75;188.71;119.92
sf_5438977-PPT.jpg;20.5;65.87;161.92;180.07
sf_5438978-PPT.jpg;38.55;27.97;203.32;192.33
sf_5507023-PPT.jpg;93.47;151.73;417.07;769.34
sf_5507028-PPT.jpg;96.61;137.24;898.25;1194.85
