Imagem;Q1;Q2;Q3;Q4;
hz_1224099-PPT.jpg;31.82;83.17;366.76;348.98
hz_1234055-PPT.jpg;22.1;67.09;266.37;326.99
hz_1234223-PPT.jpg;49.64;108.96;287.94;303.75
hz_1235128-PPT.jpg;66.81;121.28;251.22;400.19
hz_1235134-PPT.jpg;15.56;80.1;241.13;200.45
hz_1235167-PPT.jpg;43.99;157.26;446.18;642.43
hz_1236191-PPT.jpg;135.47;227.36;523.7;695.62
hz_1242061-PPT.jpg;117.83;50.56;251.33;661.23
hz_1327005-PPT.jpg;51.55;216.65;429.63;531.37
hz_1327006-PPT.jpg;9.34;296.04;745.33;1114.51
hz_1327007-PPT.jpg;11.1;280.51;669.89;974.06
hz_1327010-PPT.jpg;69.67;160.66;607.06;1170.09
hz_1432033-PPT.jpg;23.54;88.17;183.99;342.53
hz_1435039-PPT.jpg;60.05;152.41;410.85;559.34
hz_1435044-PPT.jpg;78.07;157.99;451.69;771.31
hz_1435166-PPT.jpg;95.42;286.74;506.3;1062.41
hz_1472066-PPT.jpg;83.25;129.93;374.68;446.71
hz_1472071-PPT.jpg;55.11;168.29;460.16;885.8
hz_1472072-PPT.jpg;111.05;114.66;333.27;694.16
hz_1599057-PPT.jpg;27.68;90.55;242.85;225.38
hz_1599059-PPT.jpg;13.75;73.1;214.69;331.49
hz_1599060-PPT.jpg;39.64;72.41;324.92;289.36
hz_1599434-PPT.jpg;17.68;60.73;156.32;360.21
hz_1599436-PPT.jpg;17.37;49.55;247.71;284.74
hz_1599438-PPT.jpg;21.74;58.78;248.44;211.83
hz_1599880-PPT.jpg;81.0;215.58;379.25;517.17
hz_1599958-PPT.jpg;95.42;92.2;246.54;902.27
hz_1599992-PPT.jpg;73.35;124.51;253.13;616.53
hz_1599995-PPT.jpg;36.54;152.72;416.27;335.29
hz_1599996-PPT.jpg;64.58;168.61;348.68;743.59
hz_1599997-PPT.jpg;63.21;107.12;285.4;494.41
hz_1600092-PPT.jpg;90.52;229.13;493.84;607.72
hz_1600093-PPT.jpg;163.31;266.85;494.87;723.12
hz_5360671-PPT.jpg;38.16;62.74;300.27;604.36
hz_5360672-PPT.jpg;103.5;166.66;440.4;762.44
hz_5361215-PPT.jpg;64.8;128.34;325.31;382.1
hz_5506206-PPT.jpg;82.51;138.1;337.34;306.31
hz_5506207-PPT.jpg;74.12;95.27;280.61;411.33
hz_5511469-PPT.jpg;33.81;91.69;312.6;348.92
hz_5520223-PPT.jpg;63.22;94.61;311.88;648.44
hz_imagem_64.jpg;14.6;149.02;147.29;407.99
hz_imagem_68.jpg;54.84;125.23;255.69;437.52
sf_1235063-PPT.jpg;92.95;55.74;191.72;235.53
sf_1235064-PPT.jpg;69.69;73.96;202.61;236.43
sf_1235135-PPT.jpg;98.31;180.97;369.53;625.93
sf_1320022-PPT.jpg;93.75;262.89;371.98;520.06
sf_1327032-PPT.jpg;15.07;51.7;272.67;354.09
sf_1327071-PPT.jpg;25.26;178.97;332.82;430.34
sf_1327072-PPT.jpg;51.45;103.72;250.84;468.21
sf_1327073-PPT.jpg;102.47;208.7;662.26;608.64
sf_1435040-PPT.jpg;121.2;227.9;394.77;942.55
sf_1435163-PPT.jpg;22.53;130.46;202.4;309.06
sf_1481171-PPT.jpg;62.98;235.05;473.49;489.19
sf_1599072-PPT.jpg;17.0;144.61;222.14;411.38
sf_1599073-PPT.jpg;37.1;149.23;414.8;271.71
sf_1599417-PPT.jpg;51.3;134.22;564.87;562.48
sf_1599419-PPT.jpg;28.97;128.77;314.1;447.96
sf_1599420-PPT.jpg;26.72;90.87;346.15;219.44
sf_1599888-PPT.jpg;5.25;87.16;221.43;170.66
sf_1599889-PPT.jpg;5.24;90.01;231.08;183.47
sf_1599890-PPT.jpg;9.22;129.13;259.0;247.96
sf_1599891-PPT.jpg;23.01;138.29;240.19;279.69
sf_1599892-PPT.jpg;39.31;87.97;246.73;336.64
sf_1599893-PPT.jpg;118.95;236.15;702.85;1135.23
sf_1599894-PPT.jpg;46.46;246.25;632.08;1282.84
sf_1599998-PPT.jpg;34.14;179.41;321.47;366.79
sf_1599999-PPT.jpg;34.32;184.94;320.44;357.96
sf_1600000-PPT.jpg;38.78;100.64;375.87;513.85
sf_1600001-PPT.jpg;61.21;221.5;449.08;488.49
sf_1600003-PPT.jpg;68.7;138.85;326.54;417.68
sf_1600004-PPT.jpg;7.03;109.16;370.1;505.79
sf_1600005-PPT.jpg;35.63;158.2;438.26;582.74
sf_1600006-PPT.jpg;68.79;135.96;328.45;405.12
sf_1600007-PPT.jpg;44.97;147.66;450.42;507.43
sf_1600008-PPT.jpg;62.81;139.05;448.59;673.19
sf_1600009-PPT.jpg;72.41;93.53;391.54;632.1
sf_1600010-PPT.jpg;67.2;230.85;495.33;831.17
sf_1600011-PPT.jpg;16.44;66.31;218.54;243.13
sf_1600099-PPT.jpg;63.73;136.48;410.55;573.6
sf_1600101-PPT.jpg;61.12;90.99;335.09;797.48
sf_1600102-PPT.jpg;33.56;97.08;258.59;311.74
sf_1600133-PPT.jpg;81.39;186.03;442.18;604.91
sf_1600134-PPT.jpg;20.72;113.28;205.74;311.63
sf_1600135-PPT.jpg;25.89;78.47;260.67;335.47
sf_1673034-PPT.jpg;21.63;190.96;309.37;467.97
sf_1858071-PPT.jpg;32.89;84.45;454.25;743.23
sf_1858074-PPT.jpg;38.93;94.78;482.2;795.15
sf_4387058-PPT.jpg;124.26;187.07;560.31;1091.61
sf_5110009-PPT.jpg;60.22;263.5;372.86;786.78
sf_5360472-PPT.jpg;52.25;214.85;348.51;922.3
sf_5361210-PPT.jpg;71.8;134.28;312.85;796.66
sf_5367921-PPT.jpg;8.51;40.97;182.02;175.38
sf_5367922-PPT.jpg;29.17;69.85;181.59;240.95
sf_5367923-PPT.jpg;20.44;47.12;173.07;189.72
sf_5367924-PPT.jpg;31.17;50.17;165.49;159.07
sf_5438976-PPT.jpg;9.26;58.36;158.89;147.93
sf_5438977-PPT.jpg;14.04;67.44;170.6;207.57
sf_5438978-PPT.jpg;25.33;35.89;179.25;220.87
sf_5507023-PPT.jpg;60.05;126.5;423.4;803.52
sf_5507028-PPT.jpg;69.37;120.14;876.98;1206.26
