Imagem;Q1;Q2;Q3;Q4;
hz_1224099-PPT.jpg;136.52;137.6;606.41;299.94
hz_1234055-PPT.jpg;93.65;108.89;388.93;367.01
hz_1234223-PPT.jpg;157.95;220.3;453.01;352.13
hz_1235128-PPT.jpg;212.69;173.05;337.08;428.93
hz_1235134-PPT.jpg;59.29;82.09;359.44;231.87
hz_1235167-PPT.jpg;126.0;390.11;592.31;858.66
hz_1236191-PPT.jpg;708.46;678.97;1112.16;1035.9
hz_1242061-PPT.jpg;585.16;44.91;408.56;1117.85
hz_1327005-PPT.jpg;135.35;337.37;830.96;759.86
hz_1327006-PPT.jpg;55.06;464.01;953.76;1364.75
hz_1327007-PPT.jpg;41.44;365.81;790.5;1109.93
hz_1327010-PPT.jpg;288.11;423.63;976.53;1143.68
hz_1432033-PPT.jpg;111.33;213.12;262.25;347.8
hz_1435039-PPT.jpg;231.98;415.01;671.49;665.47
hz_1435044-PPT.jpg;241.72;314.69;828.49;922.25
hz_1435166-PPT.jpg;419.7;856.96;1115.86;1226.92
hz_1472066-PPT.jpg;260.85;246.01;508.54;508.7
hz_1472071-PPT.jpg;193.46;366.47;726.7;890.8
hz_1472072-PPT.jpg;347.93;197.2;509.76;702.94
hz_1599057-PPT.jpg;94.86;203.7;399.84;241.33
hz_1599059-PPT.jpg;74.57;157.46;305.97;362.23
hz_1599060-PPT.jpg;188.85;171.45;447.34;378.87
hz_1599434-PPT.jpg;82.5;81.96;198.85;400.93
hz_1599436-PPT.jpg;69.67;90.83;330.13;308.83
hz_1599438-PPT.jpg;100.28;71.66;409.62;238.1
hz_1599880-PPT.jpg;223.91;480.12;595.1;684.24
hz_1599958-PPT.jpg;329.84;188.42;441.61;915.45
hz_1599992-PPT.jpg;260.45;231.38;347.46;600.83
hz_1599995-PPT.jpg;147.58;422.82;667.72;403.14
hz_1599996-PPT.jpg;237.51;454.95;579.12;837.06
hz_1599997-PPT.jpg;260.73;267.36;500.34;716.71
hz_1600092-PPT.jpg;350.95;485.38;1005.65;951.06
hz_1600093-PPT.jpg;744.3;746.27;983.71;1123.76
hz_5360671-PPT.jpg;155.56;81.49;383.69;602.21
hz_5360672-PPT.jpg;406.53;302.3;660.85;893.27
hz_5361215-PPT.jpg;216.15;210.26;461.89;495.81
hz_5506206-PPT.jpg;340.48;229.25;515.82;447.58
hz_5506207-PPT.jpg;370.16;217.07;368.84;456.42
hz_5511469-PPT.jpg;155.0;202.27;469.24;448.51
hz_5520223-PPT.jpg;213.65;218.92;399.23;848.85
hz_imagem_64.jpg;106.84;272.19;189.32;433.8
hz_imagem_68.jpg;260.99;416.6;408.0;548.09
sf_1235063-PPT.jpg;346.21;53.19;305.28;298.95
sf_1235064-PPT.jpg;492.57;258.62;398.16;310.98
sf_1235135-PPT.jpg;286.45;289.23;549.44;666.22
sf_1320022-PPT.jpg;268.95;615.95;941.31;798.66
sf_1327032-PPT.jpg;77.74;93.43;563.79;471.1
sf_1327071-PPT.jpg;106.29;192.07;476.72;474.5
sf_1327072-PPT.jpg;203.64;230.08;357.72;513.7
sf_1327073-PPT.jpg;327.23;441.43;901.66;783.43
sf_1435040-PPT.jpg;345.58;405.74;483.58;874.64
sf_1435163-PPT.jpg;61.33;331.03;299.17;378.81
sf_1481171-PPT.jpg;206.35;347.55;697.48;596.03
sf_1599072-PPT.jpg;84.36;252.87;327.48;414.44
sf_1599073-PPT.jpg;123.24;284.64;489.41;296.93
sf_1599417-PPT.jpg;203.86;233.92;683.66;668.73
sf_1599419-PPT.jpg;137.66;316.7;406.75;428.2
sf_1599420-PPT.jpg;83.73;154.33;447.12;218.67
sf_1599888-PPT.jpg;28.0;178.68;357.28;159.23
sf_1599889-PPT.jpg;28.12;180.16;365.48;168.79
sf_1599890-PPT.jpg;42.3;317.91;449.56;277.58
sf_1599891-PPT.jpg;86.7;256.64;391.98;314.46
sf_1599892-PPT.jpg;214.37;182.82;461.96;421.62
sf_1599893-PPT.jpg;365.63;442.83;743.74;1073.64
sf_1599894-PPT.jpg;138.58;349.37;685.83;1252.72
sf_1599998-PPT.jpg;93.97;400.05;500.37;404.46
sf_1599999-PPT.jpg;94.0;405.0;500.12;399.82
sf_1600000-PPT.jpg;267.2;170.15;656.39;668.46
sf_1600001-PPT.jpg;295.48;612.64;674.61;616.85
sf_1600003-PPT.jpg;225.67;225.4;510.58;378.56
sf_1600004-PPT.jpg;17.16;201.35;538.42;579.12
sf_1600005-PPT.jpg;105.81;186.65;525.93;584.92
sf_1600006-PPT.jpg;225.68;222.42;513.77;370.5
sf_1600007-PPT.jpg;173.96;203.84;677.28;556.4
sf_1600008-PPT.jpg;328.0;332.5;636.57;782.53
sf_1600009-PPT.jpg;263.27;178.72;547.46;692.16
sf_1600010-PPT.jpg;263.5;602.57;674.74;911.49
sf_1600011-PPT.jpg;44.36;142.3;350.76;216.04
sf_1600099-PPT.jpg;257.62;195.13;662.95;699.69
sf_1600101-PPT.jpg;263.33;131.57;384.53;889.68
sf_1600102-PPT.jpg;159.36;283.05;466.17;385.42
sf_1600133-PPT.jpg;436.06;199.98;766.8;868.94
sf_1600134-PPT.jpg;61.79;303.17;245.34;378.57
sf_1600135-PPT.jpg;69.45;99.76;477.75;413.29
sf_1673034-PPT.jpg;67.02;438.47;518.86;490.53
sf_1858071-PPT.jpg;145.73;173.08;542.85;847.07
sf_1858074-PPT.jpg;144.66;142.98;562.9;889.21
sf_4387058-PPT.jpg;433.83;343.67;618.75;1070.71
sf_5110009-PPT.jpg;168.69;442.07;552.2;904.96
sf_5360472-PPT.jpg;211.65;251.4;508.11;1002.78
sf_5361210-PPT.jpg;232.12;218.1;498.14;968.98
sf_5367921-PPT.jpg;31.1;47.53;246.3;206.59
sf_5367922-PPT.jpg;103.76;134.68;266.87;253.25
sf_5367923-PPT.jpg;62.13;72.82;243.24;172.21
sf_5367924-PPT.jpg;109.72;83.41;242.36;144.98
sf_5438976-PPT.jpg;28.05;116.48;244.69;102.13
sf_5438977-PPT.jpg;82.75;113.72;262.32;205.98
sf_5438978-PPT.jpg;89.03;24.1;261.17;171.92
sf_5507023-PPT.jpg;252.49;302.27;493.96;756.76
sf_5507028-PPT.jpg;293.66;279.68;1073.72;1299.21
