Imagem;Q1;Q2;Q3;Q4;
hz_1224099-PPT.jpg;15.58;113.13;409.59;471.26
hz_1234055-PPT.jpg;9.19;84.52;290.1;425.98
hz_1234223-PPT.jpg;25.04;132.42;314.83;399.11
hz_1235128-PPT.jpg;29.55;141.26;293.09;501.27
hz_1235134-PPT.jpg;7.69;120.38;253.78;281.71
hz_1235167-PPT.jpg;20.62;130.56;492.24;707.26
hz_1236191-PPT.jpg;54.63;206.45;499.37;743.76
hz_1242061-PPT.jpg;42.51;86.26;281.82;724.32
hz_1327005-PPT.jpg;29.02;235.0;397.69;581.81
hz_1327006-PPT.jpg;4.73;331.54;757.0;1169.99
hz_1327007-PPT.jpg;5.61;321.31;686.6;1049.39
hz_1327010-PPT.jpg;27.21;145.45;568.02;1320.99
hz_1432033-PPT.jpg;9.33;107.86;215.0;457.72
hz_1435039-PPT.jpg;29.95;165.64;403.05;657.63
hz_1435044-PPT.jpg;44.56;178.7;421.83;858.1
hz_1435166-PPT.jpg;48.45;224.43;441.17;1148.64
hz_1472066-PPT.jpg;46.77;145.96;405.66;546.14
hz_1472071-PPT.jpg;24.15;175.69;471.85;1023.39
hz_1472072-PPT.jpg;62.36;130.66;340.43;811.64
hz_1599057-PPT.jpg;14.8;109.64;255.68;317.51
hz_1599059-PPT.jpg;5.73;96.93;241.85;438.93
hz_1599060-PPT.jpg;19.29;92.36;362.87;385.83
hz_1599434-PPT.jpg;9.03;90.36;188.09;469.52
hz_1599436-PPT.jpg;8.0;77.96;274.34;392.25
hz_1599438-PPT.jpg;9.71;88.87;270.1;311.85
hz_1599880-PPT.jpg;41.47;172.88;349.08;584.15
hz_1599958-PPT.jpg;51.18;113.45;269.65;1028.61
hz_1599992-PPT.jpg;43.36;157.61;283.36;744.67
hz_1599995-PPT.jpg;18.46;167.45;431.6;430.16
hz_1599996-PPT.jpg;31.73;159.49;360.63;858.54
hz_1599997-PPT.jpg;29.04;105.92;286.6;572.48
hz_1600092-PPT.jpg;44.42;233.97;448.67;654.89
hz_1600093-PPT.jpg;64.41;245.11;461.76;770.98
hz_5360671-PPT.jpg;18.01;92.16;339.32;726.76
hz_5360672-PPT.jpg;48.01;183.03;455.62;848.89
hz_5361215-PPT.jpg;31.83;150.6;341.06;469.88
hz_5506206-PPT.jpg;34.39;158.64;340.56;392.39
hz_5506207-PPT.jpg;36.02;110.85;321.93;514.0
hz_5511469-PPT.jpg;17.7;113.26;342.39;439.91
hz_5520223-PPT.jpg;30.77;108.66;347.34;733.24
hz_imagem_64.jpg;7.98;170.54;211.74;508.45
hz_imagem_68.jpg;14.6;99.82;284.45;497.04
sf_1235063-PPT.jpg;31.41;90.51;223.55;310.53
sf_1235064-PPT.jpg;19.86;97.99;236.6;330.28
sf_1235135-PPT.jpg;56.87;201.65;392.17;729.23
sf_1320022-PPT.jpg;54.81;236.81;330.63;568.13
sf_1327032-PPT.jpg;5.91;85.79;245.99;427.94
sf_1327071-PPT.jpg;11.4;230.15;339.32;527.39
sf_1327072-PPT.jpg;19.05;112.78;268.26;571.41
sf_1327073-PPT.jpg;61.01;196.17;686.61;688.96
sf_1435040-PPT.jpg;65.9;231.41;412.23;1089.96
sf_1435163-PPT.jpg;11.99;114.0;234.6;391.76
sf_1481171-PPT.jpg;35.39;271.57;461.92;569.25
sf_1599072-PPT.jpg;9.66;168.83;242.96;536.39
sf_1599073-PPT.jpg;17.88;163.92;447.93;372.94
sf_1599417-PPT.jpg;20.12;158.59;597.93;663.68
sf_1599419-PPT.jpg;15.37;133.81;339.47;564.15
sf_1599420-PPT.jpg;14.73;111.16;371.64;318.55
sf_1599888-PPT.jpg;2.78;102.79;236.01;266.08
sf_1599889-PPT.jpg;2.8;105.72;249.58;285.48
sf_1599890-PPT.jpg;4.79;132.27;267.72;336.89
sf_1599891-PPT.jpg;9.41;156.41;252.26;370.72
sf_1599892-PPT.jpg;14.69;113.05;259.68;435.35
sf_1599893-PPT.jpg;43.0;231.18;765.98;1287.14
sf_1599894-PPT.jpg;19.32;258.13;693.53;1428.13
sf_1599998-PPT.jpg;19.77;159.59;321.94;461.26
sf_1599999-PPT.jpg;19.77;165.91;325.7;447.67
sf_1600000-PPT.jpg;12.3;124.13;390.54;605.36
sf_1600001-PPT.jpg;24.87;215.74;481.81;580.3
sf_1600003-PPT.jpg;26.85;148.78;304.76;535.17
sf_1600004-PPT.jpg;4.14;131.89;390.33;597.37
sf_1600005-PPT.jpg;17.14;192.81;480.85;695.48
sf_1600006-PPT.jpg;26.87;141.0;308.87;528.38
sf_1600007-PPT.jpg;22.09;182.08;471.12;607.61
sf_1600008-PPT.jpg;25.41;147.37;489.69;778.94
sf_1600009-PPT.jpg;34.56;115.54;428.09;742.05
sf_1600010-PPT.jpg;28.01;192.31;517.59;936.58
sf_1600011-PPT.jpg;8.11;86.88;226.94;346.37
sf_1600099-PPT.jpg;27.61;165.02;431.8;677.48
sf_1600101-PPT.jpg;28.19;120.0;387.75;914.17
sf_1600102-PPT.jpg;12.38;98.55;255.01;411.36
sf_1600133-PPT.jpg;35.21;231.31;424.67;696.87
sf_1600134-PPT.jpg;9.23;101.51;244.71;392.3
sf_1600135-PPT.jpg;16.25;108.63;277.51;440.63
sf_1673034-PPT.jpg;11.7;143.39;288.37;572.02
sf_1858071-PPT.jpg;14.25;105.54;490.96;835.78
sf_1858074-PPT.jpg;18.18;121.39;530.72;908.11
sf_4387058-PPT.jpg;68.93;211.63;624.62;1226.58
sf_5110009-PPT.jpg;33.19;272.34;364.21;874.03
sf_5360472-PPT.jpg;18.77;264.86;368.04;1031.2
sf_5361210-PPT.jpg;28.33;157.52;329.17;886.92
sf_5367921-PPT.jpg;2.45;71.27;208.52;260.73
sf_5367922-PPT.jpg;12.17;86.23;190.91;330.04
sf_5367923-PPT.jpg;7.24;77.07;210.66;285.51
sf_5367924-PPT.jpg;12.56;76.01;189.98;259.82
sf_5438976-PPT.jpg;5.66;83.95;206.27;255.15
sf_5438977-PPT.jpg;6.53;96.74;203.14;314.73
sf_5438978-PPT.jpg;11.92;67.47;235.66;332.07
sf_5507023-PPT.jpg;22.34;135.0;480.22;947.74
sf_5507028-PPT.jpg;40.43;132.43;937.55;1332.1
