Imagem;Q1;Q2;Q3;Q4;
hz_1224099-PPT.jpg;10086.66;5677.35;4546.68;5863.46
hz_1234055-PPT.jpg;16557.4;16447.56;19622.93;18374.16
hz_1234223-PPT.jpg;29191.37;19620.56;8723.45;12380.04
hz_1235128-PPT.jpg;13801.14;4364.41;12157.84;17895.47
hz_1235134-PPT.jpg;28093.66;29013.27;13705.17;13524.61
hz_1235167-PPT.jpg;6273.78;7255.35;29537.72;8914.91
hz_1236191-PPT.jpg;14772.99;21280.52;10465.59;9384.74
hz_1242061-PPT.jpg;7282.67;7475.59;7123.18;7379.79
hz_1327005-PPT.jpg;169.41;27426.02;11166.21;9945.19
hz_1327006-PPT.jpg;709.35;2413.09;5735.88;7102.03
hz_1327007-PPT.jpg;206.28;2461.59;5136.66;5942.94
hz_1327010-PPT.jpg;34079.68;21074.85;24772.56;39038.3
hz_1432033-PPT.jpg;10974.79;10121.26;9085.66;6108.42
hz_1435039-PPT.jpg;29922.06;16774.8;8726.34;12171.43
hz_1435044-PPT.jpg;7640.72;6696.55;16050.47;15724.79
hz_1435166-PPT.jpg;3525.63;19423.97;9596.32;7170.47
hz_1472066-PPT.jpg;16278.3;20717.29;26287.37;17567.65
hz_1472071-PPT.jpg;33624.81;29753.75;24221.13;32398.47
hz_1472072-PPT.jpg;10071.85;25187.98;13427.84;26906.78
hz_1599057-PPT.jpg;21291.43;19060.69;15259.03;12360.39
hz_1599059-PPT.jpg;11697.95;8890.91;8253.95;6743.67
hz_1599060-PPT.jpg;8607.14;12972.12;6712.2;8930.92
hz_1599434-PPT.jpg;11823.37;13870.96;10387.45;7818.2
hz_1599436-PPT.jpg;11429.28;13549.01;7018.06;10916.33
hz_1599438-PPT.jpg;10207.75;17046.12;14560.3;14250.37
hz_1599880-PPT.jpg;3193.84;5567.7;8066.06;11293.2
hz_1599958-PPT.jpg;4512.74;21215.88;13223.18;6241.53
hz_1599992-PPT.jpg;16346.47;22821.26;14543.91;25241.51
hz_1599995-PPT.jpg;1078.23;6295.51;7118.63;8942.2
hz_1599996-PPT.jpg;14464.83;6453.86;7212.41;5252.78
hz_1599997-PPT.jpg;14204.26;11547.88;11504.59;14304.65
hz_1600092-PPT.jpg;7340.37;11863.84;18716.8;10822.62
hz_1600093-PPT.jpg;5864.3;6585.8;9442.09;15052.43
hz_5360671-PPT.jpg;11457.72;8235.17;5238.54;5097.08
hz_5360672-PPT.jpg;7774.04;6892.57;24400.75;6488.91
hz_5361215-PPT.jpg;18013.45;26031.39;21136.85;9432.75
hz_5506206-PPT.jpg;10461.02;3954.41;8980.44;12730.54
hz_5506207-PPT.jpg;6062.57;12310.96;5535.68;14624.07
hz_5511469-PPT.jpg;27786.45;18094.8;9070.49;13653.6
hz_5520223-PPT.jpg;28852.11;8967.29;5332.92;9267.75
hz_imagem_64.jpg;33674.51;20854.39;10409.46;8915.02
hz_imagem_68.jpg;13315.38;11633.05;19174.58;15859.29
sf_1235063-PPT.jpg;15198.28;19793.96;12755.13;13955.76
sf_1235064-PPT.jpg;17399.84;13366.07;12510.45;12382.18
sf_1235135-PPT.jpg;10970.23;7321.55;12232.16;16456.28
sf_1320022-PPT.jpg;1574.96;7688.34;10190.73;9769.07
sf_1327032-PPT.jpg;27852.26;19624.31;14777.37;17527.85
sf_1327071-PPT.jpg;1698.35;2419.51;5464.75;5535.14
sf_1327072-PPT.jpg;20827.11;12136.67;6794.52;6306.37
sf_1327073-PPT.jpg;4905.82;13676.2;7502.11;13668.33
sf_1435040-PPT.jpg;2148.98;2891.18;30671.58;37533.67
sf_1435163-PPT.jpg;8781.06;8000.1;7813.59;8461.65
sf_1481171-PPT.jpg;302.78;2356.59;5610.91;9928.31
sf_1599072-PPT.jpg;2309.82;4439.05;9428.24;6060.56
sf_1599073-PPT.jpg;12250.8;4843.69;27630.93;10371.66
sf_1599417-PPT.jpg;18170.1;20666.62;26594.15;12381.18
sf_1599419-PPT.jpg;1992.89;11739.46;7263.95;6292.14
sf_1599420-PPT.jpg;13366.14;7869.27;22839.92;10487.09
sf_1599888-PPT.jpg;28632.3;18303.37;17277.05;14486.94
sf_1599889-PPT.jpg;28631.82;18262.55;17150.1;14508.31
sf_1599890-PPT.jpg;28634.5;17183.27;14890.17;13107.28
sf_1599891-PPT.jpg;29616.02;32309.29;13835.83;13488.62
sf_1599892-PPT.jpg;20188.56;21871.01;13155.97;16236.0
sf_1599893-PPT.jpg;15865.63;3193.4;3940.75;5086.91
sf_1599894-PPT.jpg;324.39;2246.88;3846.69;5252.51
sf_1599998-PPT.jpg;13065.98;21161.33;22299.24;11581.34
sf_1599999-PPT.jpg;13065.95;21162.48;22307.95;11618.3
sf_1600000-PPT.jpg;33072.61;19184.14;12322.92;12584.53
sf_1600001-PPT.jpg;4576.22;3210.38;7542.52;16199.81
sf_1600003-PPT.jpg;27695.26;26246.47;9540.38;23885.09
sf_1600004-PPT.jpg;925.55;4950.94;19664.62;18104.9
sf_1600005-PPT.jpg;1138.97;2501.12;30657.54;25952.34
sf_1600006-PPT.jpg;27696.06;26247.2;9523.64;23901.33
sf_1600007-PPT.jpg;17487.72;35050.07;20828.79;10006.02
sf_1600008-PPT.jpg;5549.79;7137.64;4566.12;5128.2
sf_1600009-PPT.jpg;17808.23;11507.01;6844.45;9474.69
sf_1600010-PPT.jpg;15317.13;10303.73;18635.16;29934.19
sf_1600011-PPT.jpg;15600.02;15819.28;11188.08;7399.76
sf_1600099-PPT.jpg;39705.58;28550.49;17620.16;20343.96
sf_1600101-PPT.jpg;29214.21;23486.32;23120.76;27903.02
sf_1600102-PPT.jpg;18980.74;14883.55;13562.83;10169.94
sf_1600133-PPT.jpg;7581.22;2366.84;7654.33;7263.2
sf_1600134-PPT.jpg;10408.66;9624.5;7964.7;8388.94
sf_1600135-PPT.jpg;15989.03;23726.53;12837.2;10558.36
sf_1673034-PPT.jpg;6989.7;13690.55;15008.63;7113.9
sf_1858071-PPT.jpg;6081.49;8011.15;9462.92;6361.16
sf_1858074-PPT.jpg;8944.66;6832.3;4610.15;18035.86
sf_4387058-PPT.jpg;13239.71;2592.87;3897.91;4738.06
sf_5110009-PPT.jpg;927.3;2799.62;11375.43;10680.25
sf_5360472-PPT.jpg;5905.32;2295.47;7411.36;5457.56
sf_5361210-PPT.jpg;4103.72;8371.13;9494.17;6655.09
sf_5367921-PPT.jpg;16850.27;15893.15;11374.38;11897.87
sf_5367922-PPT.jpg;18039.65;16537.41;11695.55;11083.69
sf_5367923-PPT.jpg;20081.04;18097.47;15796.97;13767.81
sf_5367924-PPT.jpg;17015.5;13412.52;11558.18;11405.89
sf_5438976-PPT.jpg;10826.75;10066.04;14149.72;14237.59
sf_5438977-PPT.jpg;12595.09;15298.73;9174.9;9249.16
sf_5438978-PPT.jpg;12190.01;11510.58;7949.53;7964.5
sf_5507023-PPT.jpg;26535.92;23596.9;32353.83;33614.06
sf_5507028-PPT.jpg;4298.5;18961.02;5111.09;9288.14
