Imagem;Q1;Q2;Q3;Q4;
hz_1224099-PPT.jpg;966.23;894.2;1222.05;2974.37
hz_1233154-PPT.jpg;190.38;30.7;2243.51;1583.07
hz_1234055-PPT.jpg;93.75;108.28;716.89;1654.53
hz_1234223-PPT.jpg;230.35;375.45;2059.76;2613.4
hz_1235128-PPT.jpg;633.74;495.71;2341.16;394.87
hz_1235134-PPT.jpg;59.27;75.07;717.69;4312.52
hz_1235167-PPT.jpg;125.86;382.03;852.77;2165.48
hz_1236191-PPT.jpg;862.84;1051.59;2112.45;5694.73
hz_1242061-PPT.jpg;644.13;95.77;2538.45;841.02
hz_1327005-PPT.jpg;321.75;384.24;2784.33;2792.56
hz_1327006-PPT.jpg;180.39;1271.33;8345.3;4557.74
hz_1327007-PPT.jpg;202.43;1387.46;7951.28;6579.75
hz_1327010-PPT.jpg;585.72;884.76;1549.76;2711.99
hz_1432033-PPT.jpg;111.37;205.11;313.93;2058.55
hz_1435039-PPT.jpg;343.32;625.27;1885.91;2602.5
hz_1435044-PPT.jpg;445.47;794.36;993.99;3374.68
hz_1435166-PPT.jpg;581.79;1179.07;1254.88;3870.57
hz_1472066-PPT.jpg;446.95;466.1;1202.14;833.58
hz_1472071-PPT.jpg;239.07;530.41;612.98;2061.18
hz_1472072-PPT.jpg;492.13;240.51;1157.23;2051.22
hz_1481158-PPT.jpg;663.34;1946.63;1576.65;2693.77
hz_1599051-PPT.jpg;225.12;160.23;883.48;2031.46
hz_1599057-PPT.jpg;94.8;208.85;1325.7;2943.14
hz_1599059-PPT.jpg;74.53;151.8;365.34;381.21
hz_1599060-PPT.jpg;188.85;169.73;872.08;1626.96
hz_1599434-PPT.jpg;82.68;76.46;2022.58;598.27
hz_1599436-PPT.jpg;69.68;90.72;1034.18;922.78
hz_1599438-PPT.jpg;100.31;70.05;361.7;2528.5
hz_1599744-PPT.jpg;182.47;867.04;1412.37;1909.59
hz_1599880-PPT.jpg;223.68;483.57;3225.26;1852.88
hz_1599958-PPT.jpg;522.73;238.47;1657.93;1557.14
hz_1599992-PPT.jpg;356.72;419.34;1724.35;2344.22
hz_1599995-PPT.jpg;371.13;839.33;2905.04;3862.86
hz_1599996-PPT.jpg;261.24;551.88;1177.24;1865.73
hz_1599997-PPT.jpg;260.74;267.14;1894.22;2779.37
hz_1600092-PPT.jpg;475.13;811.32;2317.93;3300.91
hz_1600093-PPT.jpg;871.93;1206.55;5845.98;3353.58
hz_5360671-PPT.jpg;246.57;167.85;817.92;1137.41
hz_5360672-PPT.jpg;576.24;633.54;2273.44;1877.42
hz_5361215-PPT.jpg;216.17;223.12;1937.23;3107.62
hz_5506206-PPT.jpg;340.43;259.85;1266.57;2369.02
hz_5506207-PPT.jpg;879.09;748.21;1880.95;1367.75
hz_5511469-PPT.jpg;229.01;342.29;5931.39;2375.36
hz_5520223-PPT.jpg;213.55;213.91;6064.78;455.7
hz_imagem_64.jpg;411.44;946.43;6764.18;205.34
hz_imagem_68.jpg;261.21;416.84;1127.92;1278.82
sf_1222015-PPT.jpg;765.45;569.85;244.99;2154.99
sf_1235063-PPT.jpg;346.1;49.19;461.14;1198.91
sf_1235064-PPT.jpg;855.93;662.58;4136.61;2097.51
sf_1235135-PPT.jpg;300.47;381.72;4965.73;5028.46
sf_1320022-PPT.jpg;681.91;1288.05;1986.26;2802.59
sf_1327032-PPT.jpg;562.99;758.68;2286.19;3167.85
sf_1327071-PPT.jpg;2676.57;3574.08;6415.95;5363.35
sf_1327072-PPT.jpg;448.99;438.04;946.76;721.13
sf_1327073-PPT.jpg;510.91;581.45;4114.95;5138.96
sf_1435040-PPT.jpg;504.51;846.86;573.63;748.11
sf_1435163-PPT.jpg;61.27;327.36;818.94;762.22
sf_1481171-PPT.jpg;587.18;1588.48;3543.8;3585.68
sf_1599072-PPT.jpg;687.91;1734.22;2617.94;1516.46
sf_1599073-PPT.jpg;123.39;302.31;640.2;1315.93
sf_1599417-PPT.jpg;203.59;298.75;2043.7;1783.55
sf_1599418-PPT.jpg;793.62;2263.84;2299.1;3499.54
sf_1599419-PPT.jpg;394.32;736.08;2720.32;784.81
sf_1599420-PPT.jpg;1201.19;1175.6;2378.28;5287.05
sf_1599888-PPT.jpg;28.01;178.55;862.84;2326.57
sf_1599889-PPT.jpg;28.02;177.44;1037.81;2327.45
sf_1599890-PPT.jpg;42.29;310.11;909.5;1882.83
sf_1599891-PPT.jpg;86.7;259.44;1866.87;2360.47
sf_1599892-PPT.jpg;214.24;183.36;902.78;1604.52
sf_1599893-PPT.jpg;365.62;528.51;1514.13;4711.23
sf_1599894-PPT.jpg;544.48;1692.46;1926.3;1907.64
sf_1599998-PPT.jpg;517.07;809.21;1832.08;997.28
sf_1599999-PPT.jpg;314.92;585.24;1481.69;1111.61
sf_1600000-PPT.jpg;296.12;248.83;1384.33;1642.78
sf_1600001-PPT.jpg;338.33;885.61;2397.91;2489.57
sf_1600003-PPT.jpg;299.08;382.17;1098.8;2851.93
sf_1600004-PPT.jpg;17.15;186.43;2773.48;2692.15
sf_1600005-PPT.jpg;204.96;555.91;4734.0;5653.02
sf_1600006-PPT.jpg;361.84;460.97;1275.96;3336.39
sf_1600007-PPT.jpg;345.41;634.98;2291.43;5658.43
sf_1600008-PPT.jpg;381.25;451.36;1147.12;1462.45
sf_1600009-PPT.jpg;544.14;458.1;6437.19;7119.19
sf_1600010-PPT.jpg;276.14;657.7;900.26;1805.73
sf_1600011-PPT.jpg;44.38;142.42;401.04;774.98
sf_1600099-PPT.jpg;498.43;649.18;2099.07;6162.21
sf_1600101-PPT.jpg;263.23;129.39;2618.05;1194.69
sf_1600102-PPT.jpg;159.18;282.07;593.21;868.87
sf_1600133-PPT.jpg;574.44;322.02;1532.21;2738.69
sf_1600134-PPT.jpg;61.81;303.29;1227.18;1303.93
sf_1600135-PPT.jpg;69.53;89.37;1467.41;2362.59
sf_1673034-PPT.jpg;575.47;1077.82;3241.83;758.59
sf_1673042-PPT.jpg;447.37;835.0;805.55;1874.69
sf_1858071-PPT.jpg;261.09;306.55;1433.88;2075.02
sf_1858074-PPT.jpg;419.13;522.94;3016.55;1555.09
sf_4387058-PPT.jpg;459.45;578.99;1286.54;1794.9
sf_5110009-PPT.jpg;629.64;1552.03;5248.31;1415.15
sf_5360472-PPT.jpg;1117.85;1570.16;977.31;2838.87
sf_5361210-PPT.jpg;785.2;1105.9;1257.81;525.79
sf_5367921-PPT.jpg;31.11;51.04;97.66;536.26
sf_5367922-PPT.jpg;1904.93;1879.3;2514.0;1434.22
sf_5367923-PPT.jpg;62.21;71.43;476.03;762.1
sf_5367924-PPT.jpg;109.79;85.07;576.43;502.19
sf_5383669-PPT.jpg;266.66;809.0;4104.28;1848.16
sf_5383670-PPT.jpg;291.47;1045.23;1439.35;3167.14
sf_5438976-PPT.jpg;28.11;115.49;499.26;829.56
sf_5438977-PPT.jpg;82.89;109.54;279.36;2045.47
sf_5438978-PPT.jpg;89.15;25.02;524.97;1020.77
sf_5507023-PPT.jpg;315.38;428.88;1190.12;2670.71
sf_5507028-PPT.jpg;776.27;522.07;1437.26;7454.46
