Imagem;Q1;Q2;Q3;Q4;
hz_1224099-PPT.jpg;74.33;2782.54;4613.23;5945.13
hz_1233154-PPT.jpg;996.83;3944.91;6225.75;6855.25
hz_1234055-PPT.jpg;24.1;3006.33;5502.4;7808.92
hz_1234223-PPT.jpg;81.04;2650.97;4865.86;7317.6
hz_1235128-PPT.jpg;261.39;2807.43;5410.03;5634.41
hz_1235134-PPT.jpg;17.78;2554.35;5306.85;7064.41
hz_1235167-PPT.jpg;82.26;2896.96;5466.91;7112.42
hz_1236191-PPT.jpg;218.4;2378.96;4496.35;6922.89
hz_1242061-PPT.jpg;216.81;3020.21;4567.02;6177.92
hz_1327005-PPT.jpg;223.19;2200.24;5404.87;6156.03
hz_1327006-PPT.jpg;49.39;1480.18;7085.93;6333.32
hz_1327007-PPT.jpg;128.51;1608.0;6717.48;6409.12
hz_1327010-PPT.jpg;372.36;2880.01;4314.41;6360.01
hz_1432033-PPT.jpg;25.63;2903.43;4849.52;6632.86
hz_1435039-PPT.jpg;79.89;2444.18;4474.21;6034.7
hz_1435044-PPT.jpg;208.02;2432.13;4140.94;5907.26
hz_1435166-PPT.jpg;258.5;2447.49;3659.95;6437.92
hz_1472066-PPT.jpg;235.82;2628.55;4139.46;6505.55
hz_1472071-PPT.jpg;57.4;2294.18;3462.29;5698.08
hz_1472072-PPT.jpg;236.04;2636.11;5088.04;6829.19
hz_1481158-PPT.jpg;317.82;1883.73;5169.26;5871.67
hz_1599051-PPT.jpg;52.66;2771.06;4526.19;6619.12
hz_1599057-PPT.jpg;29.62;2849.03;5154.96;6231.49
hz_1599059-PPT.jpg;15.92;2909.1;5484.7;6400.38
hz_1599060-PPT.jpg;41.77;2927.62;5333.01;7238.49
hz_1599434-PPT.jpg;19.87;2972.84;5895.14;6025.63
hz_1599436-PPT.jpg;19.45;3062.92;5208.43;6906.64
hz_1599438-PPT.jpg;83.58;2995.79;5170.07;6107.46
hz_1599744-PPT.jpg;115.8;1929.16;4256.77;4470.07
hz_1599880-PPT.jpg;85.85;2646.09;5907.44;6744.72
hz_1599958-PPT.jpg;230.96;2807.54;4495.91;6585.54
hz_1599992-PPT.jpg;76.28;2371.83;4480.73;6359.59
hz_1599995-PPT.jpg;155.35;2499.41;6441.74;6881.82
hz_1599996-PPT.jpg;96.17;2632.2;5085.05;6562.54
hz_1599997-PPT.jpg;65.18;2959.62;5415.01;5986.33
hz_1600092-PPT.jpg;204.96;2157.75;5550.08;6538.74
hz_1600093-PPT.jpg;332.83;2240.3;6488.15;4976.59
hz_5360671-PPT.jpg;56.22;2935.03;4693.67;5232.66
hz_5360672-PPT.jpg;269.08;2543.9;4163.78;6260.85
hz_5361215-PPT.jpg;67.07;2427.08;5957.93;6688.37
hz_5506206-PPT.jpg;84.44;2424.07;4998.02;6307.52
hz_5506207-PPT.jpg;328.2;3148.01;5232.17;5976.37
hz_5511469-PPT.jpg;65.16;2832.53;6383.25;7291.52
hz_5520223-PPT.jpg;98.51;2892.54;8245.15;6739.44
hz_imagem_64.jpg;16.68;2389.08;5740.06;5980.17
hz_imagem_68.jpg;237.68;3148.37;6839.78;7199.0
sf_1222015-PPT.jpg;521.52;2660.33;4415.31;6299.69
sf_1235063-PPT.jpg;575.91;3369.23;5443.44;8406.76
sf_1235064-PPT.jpg;155.85;2997.62;6282.81;7419.44
sf_1235135-PPT.jpg;141.39;2260.68;6067.1;7093.87
sf_1320022-PPT.jpg;374.47;2564.85;5058.82;6331.46
sf_1327032-PPT.jpg;181.48;3097.83;4850.66;6963.77
sf_1327071-PPT.jpg;674.78;2213.33;5578.82;6454.49
sf_1327072-PPT.jpg;307.66;3131.26;5561.22;5760.78
sf_1327073-PPT.jpg;224.45;2592.54;6080.5;7336.37
sf_1435040-PPT.jpg;228.99;2235.29;3321.65;4973.49
sf_1435163-PPT.jpg;24.55;2891.06;5539.32;6398.38
sf_1481171-PPT.jpg;224.49;1751.52;4501.78;5006.32
sf_1599072-PPT.jpg;19.1;2385.12;4781.78;6635.16
sf_1599073-PPT.jpg;39.21;2498.97;4953.74;7227.3
sf_1599417-PPT.jpg;95.25;2497.31;6741.79;7436.14
sf_1599418-PPT.jpg;449.36;1682.88;5638.03;5495.45
sf_1599419-PPT.jpg;92.72;2960.24;4562.52;6238.29
sf_1599420-PPT.jpg;879.4;3587.15;6197.17;8487.27
sf_1599888-PPT.jpg;7.2;2867.19;5448.73;6484.89
sf_1599889-PPT.jpg;7.29;2852.71;5425.73;6345.76
sf_1599890-PPT.jpg;11.19;2713.61;5498.21;6535.93
sf_1599891-PPT.jpg;43.9;2422.46;5404.14;5930.26
sf_1599892-PPT.jpg;157.87;2863.21;5853.11;6896.46
sf_1599893-PPT.jpg;121.08;2065.95;5905.24;7195.39
sf_1599894-PPT.jpg;104.98;1756.82;3665.08;6019.35
sf_1599998-PPT.jpg;36.38;2706.16;5475.05;6079.08
sf_1599999-PPT.jpg;36.32;2684.28;5190.76;6488.76
sf_1600000-PPT.jpg;46.62;2648.94;4311.63;6453.7
sf_1600001-PPT.jpg;77.9;2194.42;4871.86;5991.76
sf_1600003-PPT.jpg;101.62;2614.02;4852.43;7260.85
sf_1600004-PPT.jpg;9.0;2682.03;4870.09;6140.93
sf_1600005-PPT.jpg;146.25;2111.85;7746.77;8082.95
sf_1600006-PPT.jpg;85.3;2578.34;4315.99;7096.74
sf_1600007-PPT.jpg;129.8;2187.43;5336.62;6845.23
sf_1600008-PPT.jpg;69.51;2607.18;4513.34;5688.7
sf_1600009-PPT.jpg;223.36;2950.95;6245.85;8494.28
sf_1600010-PPT.jpg;192.99;2650.94;4720.85;5520.47
sf_1600011-PPT.jpg;18.49;2995.12;5787.59;6335.06
sf_1600099-PPT.jpg;134.94;2399.24;4199.23;6962.6
sf_1600101-PPT.jpg;65.4;2653.96;6906.01;7157.28
sf_1600102-PPT.jpg;57.01;2983.79;4986.49;6538.59
sf_1600133-PPT.jpg;170.96;1752.25;5434.3;5069.7
sf_1600134-PPT.jpg;22.77;3000.65;4845.16;5374.65
sf_1600135-PPT.jpg;27.85;2792.15;5277.5;5712.61
sf_1673034-PPT.jpg;208.91;2995.49;5248.76;6083.88
sf_1673042-PPT.jpg;174.18;2602.98;4629.21;6088.76
sf_1858071-PPT.jpg;61.45;2927.47;3404.76;6831.09
sf_1858074-PPT.jpg;285.25;2997.62;5274.73;6181.91
sf_4387058-PPT.jpg;185.88;2075.78;3735.12;5082.07
sf_5110009-PPT.jpg;339.76;2081.83;5388.81;6231.3
sf_5360472-PPT.jpg;647.56;1784.18;5487.61;4789.71
sf_5361210-PPT.jpg;237.18;2699.58;4674.48;6367.18
sf_5367921-PPT.jpg;10.58;3089.56;5290.76;6504.43
sf_5367922-PPT.jpg;31.29;3016.17;5345.93;6483.76
sf_5367923-PPT.jpg;22.38;3042.01;5095.6;5872.35
sf_5367924-PPT.jpg;33.17;3107.1;4922.22;6256.77
sf_5383669-PPT.jpg;251.53;2902.69;5383.73;6725.64
sf_5383670-PPT.jpg;196.65;2335.45;5497.89;6373.7
sf_5438976-PPT.jpg;11.33;3038.61;5205.26;6427.19
sf_5438977-PPT.jpg;394.58;3434.59;5368.13;7165.26
sf_5438978-PPT.jpg;27.49;3083.16;5042.21;6889.92
sf_5507023-PPT.jpg;102.11;2693.27;3666.86;4891.6
sf_5507028-PPT.jpg;275.62;2928.23;5911.12;7429.37
