Imagem;Q1;Q2;Q3;Q4;
hz_1224099-PPT.jpg;592.1;562.09;947.27;2281.94
hz_1233154-PPT.jpg;1575.27;1432.27;4474.76;855.6
hz_1234055-PPT.jpg;69.36;88.52;632.13;1531.2
hz_1234223-PPT.jpg;155.67;269.72;1871.71;2237.07
hz_1235128-PPT.jpg;536.68;367.35;2290.46;472.01
hz_1235134-PPT.jpg;39.66;70.72;742.94;3978.33
hz_1235167-PPT.jpg;100.05;309.46;832.03;1867.09
hz_1236191-PPT.jpg;674.85;854.13;2124.42;5137.56
hz_1242061-PPT.jpg;445.18;100.12;2060.63;868.23
hz_1327005-PPT.jpg;232.53;362.77;2394.98;2989.28
hz_1327006-PPT.jpg;79.23;937.44;7429.23;3610.04
hz_1327007-PPT.jpg;187.05;1277.15;7589.15;5828.19
hz_1327010-PPT.jpg;640.72;975.62;1671.52;3243.0
hz_1432033-PPT.jpg;74.35;144.57;276.38;2213.77
hz_1435039-PPT.jpg;201.68;429.56;1759.41;2363.7
hz_1435044-PPT.jpg;302.8;560.37;1000.4;2731.7
hz_1435166-PPT.jpg;488.11;946.11;1271.7;3950.07
hz_1472066-PPT.jpg;337.0;336.04;959.64;838.79
hz_1472071-PPT.jpg;173.63;419.45;581.55;2090.88
hz_1472072-PPT.jpg;374.56;202.36;984.66;2150.41
hz_1481158-PPT.jpg;485.21;1606.53;1620.43;2066.82
hz_1599051-PPT.jpg;143.21;126.97;847.54;1978.42
hz_1599057-PPT.jpg;101.69;202.39;1674.8;4163.88
hz_1599059-PPT.jpg;47.11;101.89;353.28;481.58
hz_1599060-PPT.jpg;128.53;123.94;963.13;1584.67
hz_1599434-PPT.jpg;55.79;60.15;1731.07;664.45
hz_1599436-PPT.jpg;47.31;67.77;903.16;946.61
hz_1599438-PPT.jpg;71.6;61.16;396.55;2793.89
hz_1599744-PPT.jpg;137.12;745.76;1315.9;1741.28
hz_1599880-PPT.jpg;226.3;377.33;3250.66;1926.86
hz_1599958-PPT.jpg;401.98;161.94;1618.4;1707.36
hz_1599992-PPT.jpg;182.49;231.37;1331.65;1943.67
hz_1599995-PPT.jpg;195.42;514.67;2470.35;3463.09
hz_1599996-PPT.jpg;177.82;401.21;1118.82;1940.84
hz_1599997-PPT.jpg;180.43;207.42;1743.92;2845.79
hz_1600092-PPT.jpg;397.86;834.05;1789.66;4141.65
hz_1600093-PPT.jpg;662.07;1085.14;5395.17;3265.4
hz_5360671-PPT.jpg;271.11;254.44;730.22;1392.51
hz_5360672-PPT.jpg;556.99;672.76;2347.35;1904.0
hz_5361215-PPT.jpg;164.03;192.89;1809.44;3775.13
hz_5506206-PPT.jpg;251.59;218.44;1229.42;2162.88
hz_5506207-PPT.jpg;771.38;646.63;1781.51;1279.93
hz_5511469-PPT.jpg;227.49;369.22;6109.05;2515.02
hz_5520223-PPT.jpg;160.94;156.33;5730.02;471.94
hz_imagem_64.jpg;335.47;856.86;6616.46;167.82
hz_imagem_68.jpg;180.01;323.18;1016.45;1139.1
sf_1222015-PPT.jpg;534.57;466.22;205.96;1994.63
sf_1235063-PPT.jpg;254.44;45.78;444.79;1143.16
sf_1235064-PPT.jpg;553.05;391.42;3343.15;1770.24
sf_1235135-PPT.jpg;239.39;360.94;4685.91;4775.53
sf_1320022-PPT.jpg;497.19;1050.85;1677.59;2852.38
sf_1327032-PPT.jpg;312.12;411.65;1772.65;2802.62
sf_1327071-PPT.jpg;2270.09;3065.94;5423.57;4744.98
sf_1327072-PPT.jpg;545.78;543.45;1148.52;653.31
sf_1327073-PPT.jpg;331.4;420.63;4480.88;5710.61
sf_1435040-PPT.jpg;413.07;780.33;394.6;826.94
sf_1435163-PPT.jpg;45.5;235.93;757.21;724.41
sf_1481171-PPT.jpg;486.77;1470.74;3168.95;3051.41
sf_1599072-PPT.jpg;51.0;246.93;477.95;1148.19
sf_1599073-PPT.jpg;88.4;235.38;575.91;1332.94
sf_1599417-PPT.jpg;139.71;243.53;1884.0;1698.55
sf_1599418-PPT.jpg;394.6;1437.87;2423.64;3210.03
sf_1599419-PPT.jpg;176.68;390.33;2127.82;996.25
sf_1599420-PPT.jpg;930.4;972.43;1974.26;4257.52
sf_1599888-PPT.jpg;17.82;151.56;873.7;2802.72
sf_1599889-PPT.jpg;17.83;150.23;1044.46;2861.74
sf_1599890-PPT.jpg;28.3;259.0;972.15;2254.22
sf_1599891-PPT.jpg;62.21;207.8;1603.3;2600.68
sf_1599892-PPT.jpg;146.88;160.99;965.96;2238.75
sf_1599893-PPT.jpg;304.73;460.18;1272.21;4596.63
sf_1599894-PPT.jpg;199.04;889.81;1380.04;1520.27
sf_1599998-PPT.jpg;326.26;533.74;1537.15;1237.21
sf_1599999-PPT.jpg;289.38;496.02;1447.2;1257.04
sf_1600000-PPT.jpg;177.88;227.98;1176.66;1462.01
sf_1600001-PPT.jpg;209.31;538.81;1862.17;2053.83
sf_1600003-PPT.jpg;289.36;422.75;1140.23;3134.65
sf_1600004-PPT.jpg;13.35;146.11;2508.21;3033.23
sf_1600005-PPT.jpg;244.56;671.06;5458.55;5627.61
sf_1600006-PPT.jpg;278.99;401.9;1176.79;3343.73
sf_1600007-PPT.jpg;360.85;773.87;2349.09;6095.69
sf_1600008-PPT.jpg;290.1;393.97;1181.18;1315.83
sf_1600009-PPT.jpg;455.02;410.58;6132.19;7185.43
sf_1600010-PPT.jpg;430.08;708.23;1149.07;1412.41
sf_1600011-PPT.jpg;34.09;107.06;366.76;870.71
sf_1600099-PPT.jpg;235.29;338.46;2593.61;5248.73
sf_1600101-PPT.jpg;233.62;209.77;2196.41;868.26
sf_1600102-PPT.jpg;191.68;304.5;896.66;1275.27
sf_1600133-PPT.jpg;360.85;327.01;1499.69;2573.71
sf_1600134-PPT.jpg;49.77;223.45;1114.68;1153.85
sf_1600135-PPT.jpg;50.4;76.01;1423.18;2876.07
sf_1673034-PPT.jpg;433.89;762.01;2982.63;625.98
sf_1673042-PPT.jpg;364.69;635.5;747.91;1882.54
sf_1858071-PPT.jpg;163.25;209.53;1221.91;2368.44
sf_1858074-PPT.jpg;207.9;295.91;2361.42;1143.87
sf_4387058-PPT.jpg;350.6;516.79;1366.23;1833.39
sf_5110009-PPT.jpg;562.77;1445.63;5282.42;1365.76
sf_5360472-PPT.jpg;937.09;1200.8;920.3;1891.71
sf_5361210-PPT.jpg;449.81;702.5;1082.05;539.89
sf_5367921-PPT.jpg;24.25;48.37;87.68;621.24
sf_5367922-PPT.jpg;81.53;109.62;594.46;844.41
sf_5367923-PPT.jpg;48.71;56.12;482.34;868.98
sf_5367924-PPT.jpg;82.74;67.79;506.69;573.94
sf_5383669-PPT.jpg;197.35;584.74;3791.74;1713.72
sf_5383670-PPT.jpg;232.63;888.04;1514.86;3135.51
sf_5438976-PPT.jpg;19.23;80.87;542.54;674.29
sf_5438977-PPT.jpg;46.71;81.47;223.53;1990.95
sf_5438978-PPT.jpg;72.84;26.72;556.98;905.41
sf_5507023-PPT.jpg;183.39;273.57;970.97;2457.5
sf_5507028-PPT.jpg;415.17;284.78;2252.95;8968.75
