Imagem;Q1;Q2;Q3;Q4;
hz_1224099-PPT.jpg;284.8;265.44;579.88;1820.63
hz_1233154-PPT.jpg;1482.63;1422.77;3975.75;1072.21
hz_1234055-PPT.jpg;43.81;86.78;658.38;1871.62
hz_1234223-PPT.jpg;123.77;239.66;1858.56;2302.31
hz_1235128-PPT.jpg;401.34;345.05;2092.3;413.06
hz_1235134-PPT.jpg;23.34;70.81;660.23;4191.68
hz_1235167-PPT.jpg;63.94;217.27;726.02;2043.87
hz_1236191-PPT.jpg;361.58;550.59;1725.2;5477.5
hz_1242061-PPT.jpg;333.35;180.45;1648.46;757.37
hz_1327005-PPT.jpg;260.28;289.89;2310.76;2530.8
hz_1327006-PPT.jpg;63.29;874.15;7402.41;4146.46
hz_1327007-PPT.jpg;146.24;1149.39;6545.1;5393.51
hz_1327010-PPT.jpg;442.32;711.08;1351.55;2246.45
hz_1432033-PPT.jpg;39.1;97.39;282.7;1700.28
hz_1435039-PPT.jpg;107.33;291.08;1490.6;1947.24
hz_1435044-PPT.jpg;234.04;454.41;1110.25;2230.61
hz_1435166-PPT.jpg;347.37;544.36;1298.12;3373.37
hz_1472066-PPT.jpg;263.18;295.12;911.27;565.84
hz_1472071-PPT.jpg;85.16;232.02;487.23;1488.65
hz_1472072-PPT.jpg;282.41;136.41;1107.54;1855.84
hz_1481158-PPT.jpg;394.28;1391.05;1795.33;2186.19
hz_1599051-PPT.jpg;75.24;101.56;754.05;1773.9
hz_1599057-PPT.jpg;89.58;184.75;1524.01;3338.12
hz_1599059-PPT.jpg;22.67;79.91;374.18;307.89
hz_1599060-PPT.jpg;63.63;89.05;831.5;1449.38
hz_1599434-PPT.jpg;28.94;57.79;1833.88;510.18
hz_1599436-PPT.jpg;25.76;58.39;848.99;842.06
hz_1599438-PPT.jpg;241.03;276.77;665.32;3179.1
hz_1599744-PPT.jpg;122.25;689.91;1265.95;1734.77
hz_1599880-PPT.jpg;282.66;336.01;3544.33;1839.71
hz_1599958-PPT.jpg;295.2;127.71;1488.55;1345.26
hz_1599992-PPT.jpg;114.22;176.16;1271.37;1621.37
hz_1599995-PPT.jpg;183.19;497.54;2550.55;3370.33
hz_1599996-PPT.jpg;127.02;251.51;1355.82;1637.47
hz_1599997-PPT.jpg;93.57;137.24;1689.69;2304.11
hz_1600092-PPT.jpg;225.51;601.46;1440.94;2867.71
hz_1600093-PPT.jpg;404.67;857.69;4727.73;2921.0
hz_5360671-PPT.jpg;88.44;135.7;834.41;1168.23
hz_5360672-PPT.jpg;321.12;511.1;1929.73;1627.33
hz_5361215-PPT.jpg;94.48;152.34;1683.13;3176.84
hz_5506206-PPT.jpg;126.85;183.22;1220.32;2045.37
hz_5506207-PPT.jpg;411.56;383.67;1349.63;1011.93
hz_5511469-PPT.jpg;116.13;221.54;5038.02;1922.78
hz_5520223-PPT.jpg;118.6;171.62;6400.82;696.99
hz_imagem_64.jpg;23.79;197.89;3331.52;714.34
hz_imagem_68.jpg;96.75;197.26;937.13;1056.73
sf_1222015-PPT.jpg;548.83;537.23;163.27;2136.32
sf_1235063-PPT.jpg;671.03;578.84;1078.57;3396.85
sf_1235064-PPT.jpg;338.71;300.51;2790.52;1782.5
sf_1235135-PPT.jpg;174.78;334.75;4332.94;4773.39
sf_1320022-PPT.jpg;424.55;900.52;1764.37;2175.28
sf_1327032-PPT.jpg;127.41;203.54;1331.68;1680.71
sf_1327071-PPT.jpg;705.12;1396.86;2375.33;2774.45
sf_1327072-PPT.jpg;351.08;373.07;937.1;633.39
sf_1327073-PPT.jpg;265.33;341.36;3943.99;4933.91
sf_1435040-PPT.jpg;285.43;625.3;564.59;586.67
sf_1435163-PPT.jpg;29.94;170.01;772.06;677.03
sf_1481171-PPT.jpg;284.23;1108.91;2625.99;2754.26
sf_1599072-PPT.jpg;24.67;204.24;437.7;909.24
sf_1599073-PPT.jpg;53.26;183.05;484.04;1125.04
sf_1599417-PPT.jpg;125.06;158.18;2299.94;1851.72
sf_1599418-PPT.jpg;948.63;2465.25;2201.32;3347.2
sf_1599419-PPT.jpg;116.53;318.06;1993.59;889.26
sf_1599420-PPT.jpg;1084.61;1144.13;2259.05;4391.34
sf_1599888-PPT.jpg;8.27;113.84;848.88;2033.55
sf_1599889-PPT.jpg;8.27;113.55;1137.77;1860.12
sf_1599890-PPT.jpg;69.95;291.98;1535.57;1976.82
sf_1599891-PPT.jpg;34.81;159.73;1476.87;2294.73
sf_1599892-PPT.jpg;192.39;252.38;1062.62;2310.19
sf_1599893-PPT.jpg;243.97;286.21;1496.42;4958.92
sf_1599894-PPT.jpg;266.68;1136.28;1444.72;1226.77
sf_1599998-PPT.jpg;44.11;222.25;932.37;1575.2
sf_1599999-PPT.jpg;199.8;322.32;1127.69;1172.17
sf_1600000-PPT.jpg;96.28;175.82;1009.18;1382.63
sf_1600001-PPT.jpg;107.45;383.24;1714.03;2118.23
sf_1600003-PPT.jpg;239.89;416.85;1170.67;2981.2
sf_1600004-PPT.jpg;9.19;107.93;1969.79;2142.02
sf_1600005-PPT.jpg;198.77;658.29;4595.39;5025.48
sf_1600006-PPT.jpg;236.2;403.27;1246.36;3294.99
sf_1600007-PPT.jpg;219.23;548.09;2017.93;5231.13
sf_1600008-PPT.jpg;105.0;202.96;861.89;1336.45
sf_1600009-PPT.jpg;325.58;306.54;5789.84;6304.51
sf_1600010-PPT.jpg;126.76;356.94;792.78;1529.48
sf_1600011-PPT.jpg;22.0;84.33;414.04;597.49
sf_1600099-PPT.jpg;149.65;287.02;2746.21;4438.26
sf_1600101-PPT.jpg;92.79;104.07;2855.32;1106.34
sf_1600102-PPT.jpg;78.12;162.49;717.85;896.55
sf_1600133-PPT.jpg;182.67;217.32;1363.38;2773.34
sf_1600134-PPT.jpg;31.6;160.76;961.13;1089.14
sf_1600135-PPT.jpg;32.88;72.87;1344.79;2324.52
sf_1673034-PPT.jpg;227.91;401.4;2414.58;733.73
sf_1673042-PPT.jpg;345.38;566.1;666.79;1647.93
sf_1858071-PPT.jpg;104.45;171.9;1098.61;2081.22
sf_1858074-PPT.jpg;191.18;326.89;2296.26;1110.76
sf_4387058-PPT.jpg;247.71;406.46;1224.67;1727.09
sf_5110009-PPT.jpg;408.4;1196.29;4499.11;1099.83
sf_5360472-PPT.jpg;822.83;1135.43;868.02;1821.8
sf_5361210-PPT.jpg;317.79;577.92;966.68;446.67
sf_5367921-PPT.jpg;13.54;54.56;102.36;532.78
sf_5367922-PPT.jpg;43.7;88.49;589.27;608.95
sf_5367923-PPT.jpg;29.95;52.25;371.27;592.96
sf_5367924-PPT.jpg;49.29;61.76;461.7;471.2
sf_5383669-PPT.jpg;171.36;424.9;3224.48;1496.88
sf_5383670-PPT.jpg;215.95;886.81;1320.38;2789.77
sf_5438976-PPT.jpg;11.81;67.64;586.32;651.09
sf_5438977-PPT.jpg;20.51;68.61;222.02;1616.38
sf_5438978-PPT.jpg;38.52;39.89;570.34;1129.66
sf_5507023-PPT.jpg;95.21;166.18;803.25;1352.89
sf_5507028-PPT.jpg;279.2;200.45;2097.97;8854.72
