Imagem;Q1;Q2;Q3;Q4;
hz_1224099-PPT.jpg;40.12;2697.16;4472.09;5605.42
hz_1233154-PPT.jpg;233.25;3085.8;5322.01;6966.29
hz_1234055-PPT.jpg;11.19;2919.73;5368.74;7066.64
hz_1234223-PPT.jpg;35.34;2548.18;4611.21;6802.73
hz_1235128-PPT.jpg;52.07;2494.29;5003.78;5338.87
hz_1235134-PPT.jpg;169.0;2659.17;5314.56;6202.87
hz_1235167-PPT.jpg;29.41;2755.74;5094.02;6488.01
hz_1236191-PPT.jpg;152.64;2284.5;4191.14;6562.51
hz_1242061-PPT.jpg;94.41;2921.39;4217.01;5829.77
hz_1327005-PPT.jpg;196.44;2129.8;5096.72;6053.25
hz_1327006-PPT.jpg;94.65;1471.11;6696.27;6018.28
hz_1327007-PPT.jpg;145.07;1543.8;5905.06;5748.98
hz_1327010-PPT.jpg;229.81;2645.29;4045.59;5690.0
hz_1432033-PPT.jpg;11.32;2820.13;4804.78;6011.79
hz_1435039-PPT.jpg;50.71;2340.13;4222.65;5808.41
hz_1435044-PPT.jpg;166.93;2353.41;4092.55;5581.47
hz_1435166-PPT.jpg;219.79;2351.71;3515.04;5840.39
hz_1472066-PPT.jpg;172.12;2533.86;4019.99;6453.01
hz_1472071-PPT.jpg;26.03;2209.8;3346.52;5291.85
hz_1472072-PPT.jpg;176.02;2552.75;4788.71;6360.4
hz_1481158-PPT.jpg;268.46;1806.35;4878.56;5747.51
hz_1599051-PPT.jpg;23.68;2691.41;4415.03;6052.55
hz_1599057-PPT.jpg;16.87;2769.03;5120.7;5549.28
hz_1599059-PPT.jpg;7.88;2829.14;5054.53;6208.11
hz_1599060-PPT.jpg;21.38;2844.01;5185.89;6401.71
hz_1599434-PPT.jpg;194.68;3104.27;5351.55;6179.31
hz_1599436-PPT.jpg;421.84;3476.85;4866.11;6214.76
hz_1599438-PPT.jpg;11.89;2887.38;5083.93;5205.87
hz_1599744-PPT.jpg;93.99;1856.77;4103.17;4238.29
hz_1599880-PPT.jpg;88.52;2577.65;5647.98;6356.64
hz_1599958-PPT.jpg;151.75;2729.54;4187.1;6125.57
hz_1599992-PPT.jpg;47.82;2308.98;4274.12;6041.26
hz_1599995-PPT.jpg;110.42;2365.02;5871.97;6326.38
hz_1599996-PPT.jpg;36.67;2516.53;4789.59;6115.87
hz_1599997-PPT.jpg;31.19;2856.36;5181.4;5641.54
hz_1600092-PPT.jpg;143.23;2065.12;5366.45;5669.07
hz_1600093-PPT.jpg;202.45;2101.34;5884.33;4686.01
hz_5360671-PPT.jpg;27.4;2847.02;4605.25;4832.4
hz_5360672-PPT.jpg;158.42;2405.32;4000.66;5886.17
hz_5361215-PPT.jpg;34.1;2350.28;5521.91;5923.77
hz_5506206-PPT.jpg;36.36;2347.46;4758.78;6056.95
hz_5506207-PPT.jpg;220.52;2972.85;4881.15;5741.16
hz_5511469-PPT.jpg;21.18;2716.02;5431.7;6535.95
hz_5520223-PPT.jpg;63.12;2788.42;7219.62;6322.73
hz_imagem_64.jpg;9.92;2311.3;5381.67;5722.21
hz_imagem_68.jpg;74.37;2910.04;5901.27;6540.77
sf_1222015-PPT.jpg;199.52;2350.15;3984.69;5692.86
sf_1235063-PPT.jpg;86.19;2923.94;4861.51;7022.37
sf_1235064-PPT.jpg;25.74;2837.03;5608.7;6569.35
sf_1235135-PPT.jpg;93.1;2182.29;5685.02;6674.48
sf_1320022-PPT.jpg;248.86;2349.24;4784.92;6158.1
sf_1327032-PPT.jpg;53.75;2875.24;4523.54;6113.45
sf_1327071-PPT.jpg;270.5;1888.35;4778.77;5377.35
sf_1327072-PPT.jpg;28.4;2812.32;5064.96;5491.66
sf_1327073-PPT.jpg;116.65;2413.24;6305.89;7480.96
sf_1435040-PPT.jpg;170.53;2154.59;3202.02;4766.55
sf_1435163-PPT.jpg;273.44;3042.33;5568.65;6341.09
sf_1481171-PPT.jpg;202.52;1704.73;4126.26;4846.99
sf_1599072-PPT.jpg;11.79;2309.17;4680.0;6180.12
sf_1599073-PPT.jpg;58.81;2437.79;4916.1;7228.21
sf_1599417-PPT.jpg;22.22;2380.91;5893.96;6626.19
sf_1599418-PPT.jpg;449.05;1596.96;5496.74;5501.65
sf_1599419-PPT.jpg;17.38;2688.52;4249.87;6219.46
sf_1599420-PPT.jpg;329.96;3050.18;5314.85;7528.52
sf_1599888-PPT.jpg;4.72;2785.13;5161.07;5674.85
sf_1599889-PPT.jpg;4.86;2767.06;5224.12;5607.74
sf_1599890-PPT.jpg;6.79;2620.23;5167.21;5892.28
sf_1599891-PPT.jpg;14.57;2332.25;4866.85;5476.13
sf_1599892-PPT.jpg;28.57;2692.45;5290.23;5852.95
sf_1599893-PPT.jpg;49.35;1984.37;5356.08;6222.43
sf_1599894-PPT.jpg;93.71;1696.97;3506.54;5898.6
sf_1599998-PPT.jpg;21.82;2593.99;5304.58;5926.2
sf_1599999-PPT.jpg;21.73;2572.57;4983.15;6068.25
sf_1600000-PPT.jpg;16.16;2560.1;4189.45;6206.33
sf_1600001-PPT.jpg;45.59;2105.28;4646.93;5583.96
sf_1600003-PPT.jpg;35.24;2495.83;4725.51;6431.64
sf_1600004-PPT.jpg;6.16;2602.72;4500.12;5571.49
sf_1600005-PPT.jpg;58.85;1972.5;6382.83;7453.06
sf_1600006-PPT.jpg;45.33;2490.72;4110.15;6388.04
sf_1600007-PPT.jpg;33.04;2058.27;4760.98;5729.54
sf_1600008-PPT.jpg;29.0;2514.12;4363.87;5475.38
sf_1600009-PPT.jpg;55.5;2754.84;5072.26;6753.96
sf_1600010-PPT.jpg;79.07;2464.28;4596.75;5657.9
sf_1600011-PPT.jpg;14.78;2915.06;5574.87;5974.74
sf_1600099-PPT.jpg;30.6;2288.39;3944.33;6279.98
sf_1600101-PPT.jpg;48.69;2601.96;6823.75;6723.9
sf_1600102-PPT.jpg;21.69;2869.81;4851.97;6098.61
sf_1600133-PPT.jpg;51.68;1662.42;4978.39;5594.69
sf_1600134-PPT.jpg;110.58;2991.12;4779.6;5553.94
sf_1600135-PPT.jpg;28.05;2733.11;4970.22;5091.93
sf_1673034-PPT.jpg;82.01;2735.68;4914.42;5826.21
sf_1673042-PPT.jpg;125.21;2491.66;4394.32;5755.0
sf_1858071-PPT.jpg;93.5;2888.71;3458.98;6453.27
sf_1858074-PPT.jpg;191.23;2846.98;4804.98;6107.26
sf_4387058-PPT.jpg;132.44;1985.69;3536.74;4937.89
sf_5110009-PPT.jpg;318.54;2009.1;5113.64;6006.91
sf_5360472-PPT.jpg;213.23;1599.57;5674.38;4630.1
sf_5361210-PPT.jpg;120.51;2556.28;4550.7;6075.71
sf_5367921-PPT.jpg;4.53;3009.74;5304.0;6147.6
sf_5367922-PPT.jpg;14.18;2925.55;5244.06;5943.52
sf_5367923-PPT.jpg;9.29;2963.85;4910.6;5337.59
sf_5367924-PPT.jpg;14.59;3022.97;4788.81;5939.46
sf_5383669-PPT.jpg;170.62;2672.7;5039.78;6453.41
sf_5383670-PPT.jpg;131.56;2175.07;5203.13;5837.92
sf_5438976-PPT.jpg;7.79;2962.97;4958.95;6175.37
sf_5438977-PPT.jpg;240.08;3119.38;5086.98;6613.8
sf_5438978-PPT.jpg;436.22;3427.74;4978.33;6306.57
sf_5507023-PPT.jpg;47.37;2584.82;3588.52;4462.68
sf_5507028-PPT.jpg;229.41;2820.89;5551.48;6793.86
