Imagem;Q1;Q2;Q3;Q4;
hz_1224099-PPT.jpg;126.01;2820.05;4640.15;5913.12
hz_1233154-PPT.jpg;861.2;3793.66;6132.82;6727.77
hz_1234055-PPT.jpg;17.62;2980.13;5441.43;7422.53
hz_1234223-PPT.jpg;57.84;2606.13;4784.27;6977.91
hz_1235128-PPT.jpg;188.07;2699.82;5335.99;5415.31
hz_1235134-PPT.jpg;14.41;2536.86;5341.49;6931.65
hz_1235167-PPT.jpg;41.08;2823.74;5240.46;6630.31
hz_1236191-PPT.jpg;158.52;2328.67;4335.4;6671.16
hz_1242061-PPT.jpg;163.54;2990.42;4422.48;6129.44
hz_1327005-PPT.jpg;219.39;2167.7;5221.44;6018.13
hz_1327006-PPT.jpg;56.49;1471.85;7165.63;6421.29
hz_1327007-PPT.jpg;122.26;1580.65;6694.05;6369.9
hz_1327010-PPT.jpg;302.38;2758.0;4213.15;6032.5
hz_1432033-PPT.jpg;18.91;2878.85;4812.79;6229.12
hz_1435039-PPT.jpg;58.75;2400.81;4390.43;5862.06
hz_1435044-PPT.jpg;209.41;2416.48;4134.17;5743.44
hz_1435166-PPT.jpg;233.01;2399.74;3599.62;6106.57
hz_1472066-PPT.jpg;204.18;2596.62;4090.0;6481.15
hz_1472071-PPT.jpg;45.76;2269.32;3402.79;5526.37
hz_1472072-PPT.jpg;219.48;2611.0;5000.21;6612.96
hz_1481158-PPT.jpg;282.25;1834.71;5081.91;5877.66
hz_1599051-PPT.jpg;73.31;2767.97;4554.84;6230.62
hz_1599057-PPT.jpg;23.81;2823.84;5112.85;5817.33
hz_1599059-PPT.jpg;12.11;2884.88;5461.05;6242.74
hz_1599060-PPT.jpg;32.02;2903.19;5279.59;6940.24
hz_1599434-PPT.jpg;16.0;2950.35;5741.76;5953.86
hz_1599436-PPT.jpg;15.42;3040.37;5183.09;6809.82
hz_1599438-PPT.jpg;18.61;2939.11;5007.64;5595.92
hz_1599744-PPT.jpg;167.32;1973.85;4264.8;4411.2
hz_1599880-PPT.jpg;69.17;2600.87;5721.26;6692.81
hz_1599958-PPT.jpg;217.94;2783.98;4395.79;6416.96
hz_1599992-PPT.jpg;65.68;2355.12;4346.22;6039.73
hz_1599995-PPT.jpg;120.65;2406.07;6144.3;6554.02
hz_1599996-PPT.jpg;61.26;2584.74;4954.77;6409.51
hz_1599997-PPT.jpg;50.39;2926.97;5405.74;5695.47
hz_1600092-PPT.jpg;181.37;2130.24;5421.77;6151.76
hz_1600093-PPT.jpg;246.38;2162.79;6163.07;4820.81
hz_5360671-PPT.jpg;39.72;2901.68;4687.88;5106.47
hz_5360672-PPT.jpg;241.77;2518.25;4162.71;6105.88
hz_5361215-PPT.jpg;52.07;2403.25;5761.76;6292.84
hz_5506206-PPT.jpg;63.87;2401.32;4924.6;6216.42
hz_5506207-PPT.jpg;286.72;3084.64;5156.13;5936.9
hz_5511469-PPT.jpg;32.83;2775.02;5944.82;6872.25
hz_5520223-PPT.jpg;70.47;2836.41;7615.92;6555.49
hz_imagem_64.jpg;13.43;2364.69;5660.38;5910.74
hz_imagem_68.jpg;195.9;3084.39;6509.88;7142.33
sf_1222015-PPT.jpg;362.66;2510.24;4178.67;5930.83
sf_1235063-PPT.jpg;299.89;3155.15;5152.32;7605.64
sf_1235064-PPT.jpg;49.93;2891.95;5764.74;6704.9
sf_1235135-PPT.jpg;118.74;2233.29;5941.32;7028.19
sf_1320022-PPT.jpg;357.65;2526.79;4926.63;6293.0
sf_1327032-PPT.jpg;90.62;2970.9;4668.8;6346.85
sf_1327071-PPT.jpg;494.18;2063.48;5345.7;6283.53
sf_1327072-PPT.jpg;268.35;3075.53;5484.76;5789.58
sf_1327073-PPT.jpg;174.06;2516.6;6229.33;7171.87
sf_1435040-PPT.jpg;207.17;2214.8;3261.19;4842.68
sf_1435163-PPT.jpg;131.73;2966.03;5508.51;6311.38
sf_1481171-PPT.jpg;238.55;1748.52;4445.32;5004.7
sf_1599072-PPT.jpg;15.79;2361.41;4741.25;6427.08
sf_1599073-PPT.jpg;30.38;2472.78;4926.9;7151.73
sf_1599417-PPT.jpg;66.7;2460.77;6530.86;7168.47
sf_1599418-PPT.jpg;442.9;1643.47;5704.39;5577.52
sf_1599419-PPT.jpg;24.41;2754.61;4285.93;6517.52
sf_1599420-PPT.jpg;689.09;3409.4;5896.7;8245.31
sf_1599888-PPT.jpg;6.02;2841.9;5349.78;6046.3
sf_1599889-PPT.jpg;6.18;2828.83;5348.58;5924.28
sf_1599890-PPT.jpg;9.1;2683.0;5365.72;6187.6
sf_1599891-PPT.jpg;18.93;2385.71;5056.8;5706.21
sf_1599892-PPT.jpg;114.97;2821.08;5596.23;6464.24
sf_1599893-PPT.jpg;89.24;2026.67;5775.98;6880.68
sf_1599894-PPT.jpg;149.82;1799.46;3561.62;5877.96
sf_1599998-PPT.jpg;30.69;2664.5;5407.9;5976.47
sf_1599999-PPT.jpg;30.66;2643.85;5117.92;6298.53
sf_1600000-PPT.jpg;35.31;2625.89;4301.0;6313.94
sf_1600001-PPT.jpg;69.64;2166.93;4776.95;5809.21
sf_1600003-PPT.jpg;53.15;2553.75;4765.21;6685.74
sf_1600004-PPT.jpg;7.83;2659.58;4695.16;5801.92
sf_1600005-PPT.jpg;150.0;2102.85;7527.21;8232.57
sf_1600006-PPT.jpg;52.17;2536.69;4103.35;6597.73
sf_1600007-PPT.jpg;140.72;2191.32;5336.23;6424.47
sf_1600008-PPT.jpg;55.56;2580.0;4451.37;5498.64
sf_1600009-PPT.jpg;108.7;2847.03;5574.05;7485.35
sf_1600010-PPT.jpg;79.61;2523.76;4706.69;5938.92
sf_1600011-PPT.jpg;14.83;2969.06;5733.2;6235.22
sf_1600099-PPT.jpg;74.12;2350.91;4086.94;6610.99
sf_1600101-PPT.jpg;53.85;2634.29;6697.62;6886.85
sf_1600102-PPT.jpg;26.82;2925.32;4949.44;6271.63
sf_1600133-PPT.jpg;121.0;1716.73;5277.84;5309.35
sf_1600134-PPT.jpg;18.43;2964.65;4741.6;5260.49
sf_1600135-PPT.jpg;23.97;2772.33;5193.4;5359.59
sf_1673034-PPT.jpg;148.52;2862.4;5116.9;5926.24
sf_1673042-PPT.jpg;197.35;2629.8;4528.26;5797.28
sf_1858071-PPT.jpg;142.18;2993.89;3489.57;6594.74
sf_1858074-PPT.jpg;206.05;2906.28;5031.82;6156.15
sf_4387058-PPT.jpg;147.4;2050.59;3679.16;5025.83
sf_5110009-PPT.jpg;335.71;2059.08;5207.34;6096.95
sf_5360472-PPT.jpg;509.46;1733.85;5476.9;4756.91
sf_5361210-PPT.jpg;215.13;2680.17;4605.44;6087.66
sf_5367921-PPT.jpg;7.73;3067.28;5261.78;6327.16
sf_5367922-PPT.jpg;23.87;2988.37;5268.44;6203.84
sf_5367923-PPT.jpg;16.74;3019.44;5003.58;5621.11
sf_5367924-PPT.jpg;25.46;3084.74;4980.03;6043.59
sf_5383669-PPT.jpg;226.61;2815.62;5352.02;6555.87
sf_5383670-PPT.jpg;170.52;2276.83;5300.23;6168.13
sf_5438976-PPT.jpg;9.87;3015.87;5162.92;6246.04
sf_5438977-PPT.jpg;13.09;2920.16;5128.77;6903.59
sf_5438978-PPT.jpg;22.47;3062.09;5004.52;6749.4
sf_5507023-PPT.jpg;88.63;2666.74;3688.95;4615.68
sf_5507028-PPT.jpg;244.82;2884.68;5790.71;7118.93
