Imagem;Q1;Q2;Q3;Q4;
hz_1224099-PPT.jpg;23.59;23.89;20.5;15.53
hz_1233154-PPT.jpg;16.42;16.6;12.14;17.83
hz_1234055-PPT.jpg;31.72;28.75;19.95;15.41
hz_1234223-PPT.jpg;27.2;24.33;15.44;14.51
hz_1235128-PPT.jpg;22.1;22.75;14.92;21.97
hz_1235134-PPT.jpg;34.45;29.63;19.93;11.91
hz_1235167-PPT.jpg;30.07;24.76;19.52;15.03
hz_1236191-PPT.jpg;22.55;20.72;15.76;10.74
hz_1242061-PPT.jpg;22.9;25.57;15.96;19.34
hz_1327005-PPT.jpg;23.98;23.51;14.49;14.1
hz_1327006-PPT.jpg;30.12;18.71;9.44;11.95
hz_1327007-PPT.jpg;26.48;17.53;9.97;10.81
hz_1327010-PPT.jpg;21.67;19.61;16.82;14.62
hz_1432033-PPT.jpg;32.21;28.25;23.62;15.83
hz_1435039-PPT.jpg;27.82;23.49;16.4;15.24
hz_1435044-PPT.jpg;24.44;21.56;17.68;14.65
hz_1435166-PPT.jpg;22.72;20.77;17.0;12.85
hz_1472066-PPT.jpg;23.93;23.43;18.53;20.6
hz_1472071-PPT.jpg;28.83;24.48;21.25;16.4
hz_1472072-PPT.jpg;23.62;26.78;17.69;15.45
hz_1481158-PPT.jpg;22.17;16.7;15.59;14.73
hz_1599051-PPT.jpg;29.37;28.06;19.36;15.64
hz_1599057-PPT.jpg;28.61;25.47;16.3;12.9
hz_1599059-PPT.jpg;34.58;29.1;22.4;23.25
hz_1599060-PPT.jpg;30.09;28.63;18.93;16.52
hz_1599434-PPT.jpg;33.52;30.51;15.5;21.05
hz_1599436-PPT.jpg;34.02;30.47;18.84;18.88
hz_1599438-PPT.jpg;24.31;23.71;19.9;13.11
hz_1599744-PPT.jpg;27.26;19.74;17.11;15.74
hz_1599880-PPT.jpg;23.62;22.87;12.64;15.48
hz_1599958-PPT.jpg;23.43;27.07;16.4;16.84
hz_1599992-PPT.jpg;27.55;25.67;17.09;16.03
hz_1599995-PPT.jpg;25.5;21.16;14.06;12.85
hz_1599996-PPT.jpg;27.09;24.13;16.81;15.99
hz_1599997-PPT.jpg;28.42;26.76;15.85;14.51
hz_1600092-PPT.jpg;24.6;20.34;16.54;13.56
hz_1600093-PPT.jpg;22.06;18.8;11.38;13.48
hz_5360671-PPT.jpg;28.66;26.8;18.92;17.46
hz_5360672-PPT.jpg;23.06;21.05;15.28;16.02
hz_5361215-PPT.jpg;28.38;26.3;15.87;13.11
hz_5506206-PPT.jpg;27.1;25.5;17.27;15.02
hz_5506207-PPT.jpg;21.99;22.29;16.83;18.08
hz_5511469-PPT.jpg;27.48;24.68;11.11;15.29
hz_5520223-PPT.jpg;27.39;25.79;10.07;19.7
hz_imagem_64.jpg;34.37;25.17;12.9;19.59
hz_imagem_68.jpg;28.27;25.18;18.41;17.89
sf_1222015-PPT.jpg;20.74;20.83;26.0;14.83
sf_1235063-PPT.jpg;19.86;20.51;17.8;12.82
sf_1235064-PPT.jpg;22.83;23.35;13.67;15.62
sf_1235135-PPT.jpg;25.71;22.88;11.76;11.34
sf_1320022-PPT.jpg;21.85;18.59;15.66;14.76
sf_1327032-PPT.jpg;27.08;25.04;16.89;15.88
sf_1327071-PPT.jpg;19.65;16.68;14.37;13.7
sf_1327072-PPT.jpg;22.68;22.41;18.41;20.11
sf_1327073-PPT.jpg;23.89;22.8;12.17;11.2
sf_1435040-PPT.jpg;23.58;20.17;20.61;20.45
sf_1435163-PPT.jpg;33.37;25.83;19.25;19.82
sf_1481171-PPT.jpg;23.59;17.68;13.94;13.73
sf_1599072-PPT.jpg;34.21;25.03;21.72;18.54
sf_1599073-PPT.jpg;30.87;25.51;21.28;17.62
sf_1599417-PPT.jpg;27.16;26.14;14.51;15.46
sf_1599418-PPT.jpg;18.36;14.21;14.7;12.88
sf_1599419-PPT.jpg;27.47;23.11;15.13;18.64
sf_1599420-PPT.jpg;17.78;17.55;14.59;11.7
sf_1599888-PPT.jpg;38.96;27.57;18.84;15.05
sf_1599889-PPT.jpg;38.95;27.58;17.57;15.44
sf_1599890-PPT.jpg;29.68;23.48;16.27;15.17
sf_1599891-PPT.jpg;32.71;26.1;16.44;14.52
sf_1599892-PPT.jpg;25.29;24.11;17.87;14.49
sf_1599893-PPT.jpg;24.26;23.56;16.38;11.18
sf_1599894-PPT.jpg;23.87;17.58;16.53;17.24
sf_1599998-PPT.jpg;31.69;24.66;18.43;16.16
sf_1599999-PPT.jpg;25.12;23.05;17.61;17.44
sf_1600000-PPT.jpg;28.3;25.68;18.09;16.72
sf_1600001-PPT.jpg;27.82;22.3;15.79;14.87
sf_1600003-PPT.jpg;24.33;21.93;17.45;13.39
sf_1600004-PPT.jpg;38.5;27.8;15.19;14.82
sf_1600005-PPT.jpg;25.15;19.95;11.51;11.12
sf_1600006-PPT.jpg;24.4;22.07;17.17;12.95
sf_1600007-PPT.jpg;24.72;20.74;15.08;10.94
sf_1600008-PPT.jpg;27.92;25.06;18.78;16.87
sf_1600009-PPT.jpg;23.0;23.27;10.5;10.13
sf_1600010-PPT.jpg;27.1;22.6;19.14;16.29
sf_1600011-PPT.jpg;34.71;28.87;21.96;20.37
sf_1600099-PPT.jpg;26.38;23.55;13.74;11.66
sf_1600101-PPT.jpg;28.46;27.96;13.57;17.69
sf_1600102-PPT.jpg;29.2;26.02;19.57;18.61
sf_1600133-PPT.jpg;25.51;24.76;16.78;13.7
sf_1600134-PPT.jpg;33.13;26.07;18.3;17.76
sf_1600135-PPT.jpg;32.96;29.51;16.84;14.47
sf_1673034-PPT.jpg;24.55;22.09;14.3;19.48
sf_1673042-PPT.jpg;22.75;20.6;19.89;15.96
sf_1858071-PPT.jpg;27.94;25.78;17.72;14.95
sf_1858074-PPT.jpg;25.32;22.99;14.52;17.67
sf_4387058-PPT.jpg;24.19;22.04;17.25;15.76
sf_5110009-PPT.jpg;22.02;17.35;11.6;17.72
sf_5360472-PPT.jpg;18.98;17.58;18.75;15.53
sf_5361210-PPT.jpg;23.11;20.51;18.28;21.63
sf_5367921-PPT.jpg;36.81;30.76;28.03;20.87
sf_5367922-PPT.jpg;31.73;28.66;20.43;20.28
sf_5367923-PPT.jpg;33.37;30.95;22.43;20.4
sf_5367924-PPT.jpg;31.2;30.22;21.49;21.4
sf_5383669-PPT.jpg;25.79;21.85;13.05;16.38
sf_5383670-PPT.jpg;24.79;18.65;16.92;13.68
sf_5438976-PPT.jpg;37.41;29.83;20.45;19.99
sf_5438977-PPT.jpg;35.01;29.77;24.67;16.05
sf_5438978-PPT.jpg;32.27;32.12;20.57;17.6
sf_5507023-PPT.jpg;28.34;25.93;19.08;16.82
sf_5507028-PPT.jpg;23.67;25.11;14.91;8.66
