Imagem;Corte 5%;Corte 7%;Corte 10%;Corte 13%;Corte 15%;
hz_1224099-PPT.jpg;10.18;10.12;10.04;9.98;9.99;
hz_1233154-PPT.jpg;6.54;6.54;6.57;6.56;6.52;
hz_1234055-PPT.jpg;6.28;6.23;6.29;6.36;6.28;
hz_1234223-PPT.jpg;5.3;5.27;5.23;5.2;5.18;
hz_1235128-PPT.jpg;7.98;7.96;7.87;7.86;7.87;
hz_1235134-PPT.jpg;4.39;4.34;4.37;4.36;4.33;
hz_1235167-PPT.jpg;8.34;8.31;8.22;8.2;8.17;
hz_1236191-PPT.jpg;4.73;4.68;4.66;4.68;4.58;
hz_1242061-PPT.jpg;9.64;9.67;9.57;9.46;9.41;
hz_1327005-PPT.jpg;8.02;8.0;7.88;7.82;7.76;
hz_1327006-PPT.jpg;13.42;13.26;13.16;13.12;13.1;
hz_1327007-PPT.jpg;13.96;13.9;13.79;13.78;13.82;
hz_1327010-PPT.jpg;3.66;3.65;3.62;3.59;3.58;
hz_1432033-PPT.jpg;7.49;7.52;7.37;7.32;7.22;
hz_1435039-PPT.jpg;4.94;4.92;4.89;4.87;4.86;
hz_1435044-PPT.jpg;6.47;6.42;6.37;6.35;6.34;
hz_1435166-PPT.jpg;6.02;5.96;5.86;5.82;5.74;
hz_1472066-PPT.jpg;4.1;4.08;4.06;4.08;4.06;
hz_1472071-PPT.jpg;2.92;2.9;2.88;2.89;2.88;
hz_1472072-PPT.jpg;5.3;5.26;5.22;5.2;5.18;
hz_1481158-PPT.jpg;9.26;9.22;9.15;9.14;9.1;
hz_1599051-PPT.jpg;6.32;6.32;6.23;6.21;6.14;
hz_1599057-PPT.jpg;4.79;4.85;4.73;4.72;4.65;
hz_1599059-PPT.jpg;8.74;8.74;8.72;8.7;8.7;
hz_1599060-PPT.jpg;7.62;7.55;7.46;7.43;7.4;
hz_1599434-PPT.jpg;7.04;6.98;6.96;6.93;6.9;
hz_1599436-PPT.jpg;7.64;7.6;7.59;7.58;7.58;
hz_1599438-PPT.jpg;6.57;6.54;6.5;6.48;6.47;
hz_1599744-PPT.jpg;12.84;12.82;12.81;12.73;12.75;
hz_1599880-PPT.jpg;9.13;9.1;8.98;8.93;8.84;
hz_1599958-PPT.jpg;7.32;7.3;7.14;7.11;7.02;
hz_1599992-PPT.jpg;4.15;4.11;4.06;4.05;4.04;
hz_1599995-PPT.jpg;9.66;9.62;9.6;9.59;9.56;
hz_1599996-PPT.jpg;8.75;8.74;8.62;8.6;8.57;
hz_1599997-PPT.jpg;7.73;7.72;7.56;7.54;7.44;
hz_1600092-PPT.jpg;5.15;5.12;5.05;5.01;4.99;
hz_1600093-PPT.jpg;7.56;7.52;7.43;7.4;7.37;
hz_5360671-PPT.jpg;9.98;9.93;9.94;9.93;9.91;
hz_5360672-PPT.jpg;6.98;6.91;6.82;6.78;6.75;
hz_5361215-PPT.jpg;4.8;4.86;4.74;4.76;4.68;
hz_5506206-PPT.jpg;9.09;9.09;9.07;9.09;9.07;
hz_5506207-PPT.jpg;7.26;7.19;7.1;7.04;7.02;
hz_5511469-PPT.jpg;4.9;4.85;4.8;4.78;4.76;
hz_5520223-PPT.jpg;6.76;6.72;6.65;6.6;6.54;
hz_imagem_64.jpg;4.3;4.28;4.23;4.2;4.2;
hz_imagem_68.jpg;7.02;6.98;6.92;6.93;6.94;
sf_1222015-PPT.jpg;8.48;8.43;8.4;8.37;8.35;
sf_1235063-PPT.jpg;5.77;5.72;5.7;5.72;5.7;
sf_1235064-PPT.jpg;6.42;6.37;6.28;6.25;6.22;
sf_1235135-PPT.jpg;5.05;5.06;5.1;5.07;5.01;
sf_1320022-PPT.jpg;7.53;7.47;7.4;7.34;7.32;
sf_1327032-PPT.jpg;5.0;5.0;4.99;4.96;4.94;
sf_1327071-PPT.jpg;12.68;12.62;12.64;12.62;12.6;
sf_1327072-PPT.jpg;7.37;7.34;7.29;7.27;7.28;
sf_1327073-PPT.jpg;5.43;5.46;5.37;5.29;5.18;
sf_1435040-PPT.jpg;6.9;6.86;6.71;6.65;6.57;
sf_1435163-PPT.jpg;8.4;8.36;8.32;8.28;8.28;
sf_1481171-PPT.jpg;12.33;12.28;12.2;12.18;12.08;
sf_1599072-PPT.jpg;10.36;10.34;10.34;10.32;10.32;
sf_1599073-PPT.jpg;7.36;7.35;7.3;7.27;7.22;
sf_1599417-PPT.jpg;5.52;5.48;5.42;5.4;5.39;
sf_1599418-PPT.jpg;12.6;12.42;12.32;12.23;12.18;
sf_1599419-PPT.jpg;9.11;9.04;8.93;8.92;8.86;
sf_1599420-PPT.jpg;8.41;8.43;8.36;8.36;8.32;
sf_1599888-PPT.jpg;5.36;5.35;5.34;5.32;5.28;
sf_1599889-PPT.jpg;5.42;5.42;5.34;5.33;5.24;
sf_1599890-PPT.jpg;5.63;5.61;5.56;5.58;5.54;
sf_1599891-PPT.jpg;4.21;4.14;4.1;4.04;4.03;
sf_1599892-PPT.jpg;5.28;5.3;5.21;5.22;5.15;
sf_1599893-PPT.jpg;8.85;8.83;8.74;8.7;8.65;
sf_1599894-PPT.jpg;13.66;13.55;13.52;13.42;13.42;
sf_1599998-PPT.jpg;5.17;5.2;5.14;5.11;5.09;
sf_1599999-PPT.jpg;5.3;5.32;5.28;5.26;5.21;
sf_1600000-PPT.jpg;4.65;4.65;4.63;4.62;4.6;
sf_1600001-PPT.jpg;8.86;8.81;8.75;8.69;8.68;
sf_1600003-PPT.jpg;4.42;4.4;4.37;4.36;4.34;
sf_1600004-PPT.jpg;12.12;12.18;12.18;12.2;12.16;
sf_1600005-PPT.jpg;13.08;12.96;12.92;12.89;12.88;
sf_1600006-PPT.jpg;4.5;4.48;4.48;4.46;4.43;
sf_1600007-PPT.jpg;3.96;3.96;3.88;3.86;3.78;
sf_1600008-PPT.jpg;9.06;9.01;8.98;8.99;8.96;
sf_1600009-PPT.jpg;5.12;5.11;5.02;4.96;4.86;
sf_1600010-PPT.jpg;5.29;5.22;5.16;5.12;5.12;
sf_1600011-PPT.jpg;6.6;6.58;6.52;6.52;6.43;
sf_1600099-PPT.jpg;4.08;4.1;4.0;3.98;3.92;
sf_1600101-PPT.jpg;6.78;6.74;6.78;6.78;6.75;
sf_1600102-PPT.jpg;6.46;6.46;6.42;6.42;6.38;
sf_1600133-PPT.jpg;10.73;10.73;10.72;10.63;10.7;
sf_1600134-PPT.jpg;8.96;8.93;8.93;8.93;8.94;
sf_1600135-PPT.jpg;4.73;4.72;4.7;4.69;4.68;
sf_1673034-PPT.jpg;7.16;7.12;7.1;7.08;7.06;
sf_1673042-PPT.jpg;10.46;10.42;10.3;10.2;10.18;
sf_1858071-PPT.jpg;8.79;8.74;8.68;8.64;8.63;
sf_1858074-PPT.jpg;8.99;8.95;8.9;8.88;8.86;
sf_4387058-PPT.jpg;11.11;11.04;10.92;10.9;10.88;
sf_5110009-PPT.jpg;9.57;9.52;9.43;9.44;9.4;
sf_5360472-PPT.jpg;10.52;10.32;10.27;10.18;10.18;
sf_5361210-PPT.jpg;8.74;8.77;8.68;8.64;8.53;
sf_5367921-PPT.jpg;7.08;7.1;7.08;7.06;7.04;
sf_5367922-PPT.jpg;6.68;6.66;6.66;6.64;6.62;
sf_5367923-PPT.jpg;6.61;6.63;6.56;6.52;6.48;
sf_5367924-PPT.jpg;7.85;7.82;7.8;7.77;7.76;
sf_5383669-PPT.jpg;4.73;4.7;4.62;4.6;4.56;
sf_5383670-PPT.jpg;3.59;3.56;3.55;3.47;3.44;
sf_5438976-PPT.jpg;7.56;7.51;7.5;7.48;7.44;
sf_5438977-PPT.jpg;7.44;7.36;7.23;7.21;7.18;
sf_5438978-PPT.jpg;8.12;8.11;8.07;8.07;8.07;
sf_5507023-PPT.jpg;3.22;3.2;3.08;3.04;2.98;
sf_5507028-PPT.jpg;6.68;6.7;6.62;6.58;6.57;
