Imagem;Q1;Q2;Q3;Q4;
hz_1224099-PPT.jpg;8.09;11.79;10.92;10.97
hz_1233154-PPT.jpg;5.24;5.11;12.91;7.59
hz_1234055-PPT.jpg;5.94;6.39;7.3;6.1
hz_1234223-PPT.jpg;3.48;5.26;6.79;7.49
hz_1235128-PPT.jpg;6.73;12.44;6.08;11.1
hz_1235134-PPT.jpg;3.65;3.81;8.27;5.35
hz_1235167-PPT.jpg;10.16;10.02;8.64;5.88
hz_1236191-PPT.jpg;6.44;4.75;9.3;6.04
hz_1242061-PPT.jpg;9.51;10.4;10.74;10.25
hz_1327005-PPT.jpg;25.85;3.73;10.15;6.87
hz_1327006-PPT.jpg;19.63;17.67;16.08;11.09
hz_1327007-PPT.jpg;24.99;17.88;15.03;13.09
hz_1327010-PPT.jpg;2.81;4.97;2.89;5.38
hz_1432033-PPT.jpg;7.73;8.36;11.14;7.91
hz_1435039-PPT.jpg;3.37;5.74;6.65;8.63
hz_1435044-PPT.jpg;9.3;9.83;4.48;13.66
hz_1435166-PPT.jpg;12.66;5.12;11.15;6.32
hz_1472066-PPT.jpg;6.01;5.15;4.62;5.86
hz_1472071-PPT.jpg;2.86;3.5;3.03;4.56
hz_1472072-PPT.jpg;8.1;4.35;5.3;6.19
hz_1481158-PPT.jpg;28.18;16.43;7.53;7.48
hz_1599051-PPT.jpg;5.12;9.4;7.6;5.78
hz_1599057-PPT.jpg;4.85;5.57;6.35;4.82
hz_1599059-PPT.jpg;7.45;9.14;9.3;9.57
hz_1599060-PPT.jpg;8.78;7.33;8.59;8.28
hz_1599434-PPT.jpg;7.4;7.13;7.88;8.13
hz_1599436-PPT.jpg;7.55;7.35;8.03;8.71
hz_1599438-PPT.jpg;8.04;6.19;7.96;5.84
hz_1599744-PPT.jpg;21.22;16.83;13.63;13.49
hz_1599880-PPT.jpg;13.09;11.05;6.62;8.77
hz_1599958-PPT.jpg;11.59;5.12;11.76;6.98
hz_1599992-PPT.jpg;6.0;4.48;3.73;6.76
hz_1599995-PPT.jpg;17.8;10.17;10.72;9.71
hz_1599996-PPT.jpg;6.53;10.19;10.57;9.4
hz_1599997-PPT.jpg;6.61;7.87;9.42;8.2
hz_1600092-PPT.jpg;9.47;7.01;6.97;4.67
hz_1600093-PPT.jpg;10.45;9.83;8.7;13.16
hz_5360671-PPT.jpg;7.54;9.83;11.14;12.21
hz_5360672-PPT.jpg;9.22;9.86;11.82;4.79
hz_5361215-PPT.jpg;5.58;4.09;9.11;4.93
hz_5506206-PPT.jpg;7.93;13.15;7.33;11.46
hz_5506207-PPT.jpg;10.3;7.59;6.97;10.95
hz_5511469-PPT.jpg;3.69;5.78;4.74;9.25
hz_5520223-PPT.jpg;3.53;9.0;5.81;10.26
hz_imagem_64.jpg;2.86;4.81;6.01;11.37
hz_imagem_68.jpg;6.89;7.93;6.84;7.68
sf_1222015-PPT.jpg;8.91;11.08;14.3;10.86
sf_1235063-PPT.jpg;6.31;5.61;6.73;6.32
sf_1235064-PPT.jpg;5.73;7.22;6.23;7.4
sf_1235135-PPT.jpg;7.73;9.17;4.39;5.14
sf_1320022-PPT.jpg;16.16;9.14;7.0;7.74
sf_1327032-PPT.jpg;3.68;5.62;4.95;6.27
sf_1327071-PPT.jpg;15.83;17.45;12.02;13.45
sf_1327072-PPT.jpg;4.94;7.62;8.7;10.96
sf_1327073-PPT.jpg;11.22;6.6;4.71;6.21
sf_1435040-PPT.jpg;14.81;14.6;2.25;4.04
sf_1435163-PPT.jpg;8.7;9.74;8.46;9.49
sf_1481171-PPT.jpg;23.32;17.07;10.36;12.05
sf_1599072-PPT.jpg;14.5;11.91;11.31;8.29
sf_1599073-PPT.jpg;7.25;11.62;7.79;6.91
sf_1599417-PPT.jpg;5.54;4.88;7.24;7.45
sf_1599418-PPT.jpg;31.69;18.66;10.79;10.46
sf_1599419-PPT.jpg;15.14;7.61;12.56;7.83
sf_1599420-PPT.jpg;6.87;9.46;8.62;7.9
sf_1599888-PPT.jpg;3.56;5.76;5.66;5.58
sf_1599889-PPT.jpg;3.56;5.76;5.67;5.59
sf_1599890-PPT.jpg;3.56;5.91;6.14;6.69
sf_1599891-PPT.jpg;3.42;3.31;5.68;8.13
sf_1599892-PPT.jpg;5.08;5.0;6.62;6.0
sf_1599893-PPT.jpg;6.13;14.08;11.68;9.47
sf_1599894-PPT.jpg;23.02;17.81;13.85;10.65
sf_1599998-PPT.jpg;6.97;5.05;8.84;4.67
sf_1599999-PPT.jpg;6.97;5.05;8.77;4.89
sf_1600000-PPT.jpg;2.94;5.35;5.97;6.81
sf_1600001-PPT.jpg;11.53;14.14;7.54;11.09
sf_1600003-PPT.jpg;3.71;4.17;4.76;6.86
sf_1600004-PPT.jpg;18.47;12.33;12.25;5.9
sf_1600005-PPT.jpg;17.57;16.38;9.45;12.29
sf_1600006-PPT.jpg;3.71;4.15;4.86;6.89
sf_1600007-PPT.jpg;5.7;2.76;7.6;3.8
sf_1600008-PPT.jpg;10.69;9.79;12.18;10.69
sf_1600009-PPT.jpg;5.63;7.72;5.67;6.43
sf_1600010-PPT.jpg;6.28;7.99;4.0;7.1
sf_1600011-PPT.jpg;6.2;6.57;10.3;7.14
sf_1600099-PPT.jpg;2.14;3.64;5.85;4.74
sf_1600101-PPT.jpg;3.47;4.64;8.98;8.21
sf_1600102-PPT.jpg;5.35;6.79;7.61;6.86
sf_1600133-PPT.jpg;9.33;17.93;10.26;13.08
sf_1600134-PPT.jpg;7.96;8.97;9.97;11.02
sf_1600135-PPT.jpg;6.09;4.75;6.37;4.87
sf_1673034-PPT.jpg;9.69;6.9;11.63;6.53
sf_1673042-PPT.jpg;18.51;12.36;10.17;9.6
sf_1858071-PPT.jpg;10.29;9.81;13.34;7.32
sf_1858074-PPT.jpg;8.62;10.23;11.26;9.98
sf_4387058-PPT.jpg;6.91;15.34;14.02;13.05
sf_5110009-PPT.jpg;18.46;15.05;9.61;8.77
sf_5360472-PPT.jpg;10.42;17.66;9.03;13.38
sf_5361210-PPT.jpg;12.0;9.07;10.84;8.65
sf_5367921-PPT.jpg;5.87;6.85;7.76;7.68
sf_5367922-PPT.jpg;5.57;6.49;7.62;8.12
sf_5367923-PPT.jpg;5.1;6.15;7.34;7.11
sf_5367924-PPT.jpg;5.82;7.54;8.52;8.72
sf_5383669-PPT.jpg;1.97;9.09;6.0;5.49
sf_5383670-PPT.jpg;4.41;3.31;4.38;4.14
sf_5438976-PPT.jpg;7.79;8.83;6.7;7.87
sf_5438977-PPT.jpg;7.13;6.63;9.24;8.3
sf_5438978-PPT.jpg;7.27;8.3;8.46;8.27
sf_5507023-PPT.jpg;3.89;4.58;2.57;3.23
sf_5507028-PPT.jpg;11.8;5.66;7.64;5.82
