Nome Imagem;20;25;30;35;
hz_1224099-PPT.jpg;14.18;14.4;14.54;14.54;
hz_1233154-PPT.jpg;12.76;13.13;13.3;13.19;
hz_1234055-PPT.jpg;12.6;12.51;12.28;12.92;
hz_1234223-PPT.jpg;13.36;13.61;13.95;13.78;
hz_1235128-PPT.jpg;14.08;13.51;13.57;14.21;
hz_1235134-PPT.jpg;12.84;12.99;13.14;13.17;
hz_1235167-PPT.jpg;13.23;13.39;13.41;13.56;
hz_1236191-PPT.jpg;11.6;11.73;11.96;11.86;
hz_1242061-PPT.jpg;14.1;14.29;14.37;14.47;
hz_1327005-PPT.jpg;12.28;12.59;12.63;12.52;
hz_1327006-PPT.jpg;11.75;11.51;11.53;11.28;
hz_1327007-PPT.jpg;11.19;10.66;11.2;10.38;
hz_1327010-PPT.jpg;12.7;13.01;13.19;13.23;
hz_1432033-PPT.jpg;13.9;14.47;14.39;14.59;
hz_1435039-PPT.jpg;12.66;12.92;13.45;13.47;
hz_1435044-PPT.jpg;12.91;13.19;12.86;12.82;
hz_1435166-PPT.jpg;12.02;11.91;12.52;12.54;
hz_1472066-PPT.jpg;14.03;14.29;14.57;14.87;
hz_1472071-PPT.jpg;13.75;13.99;14.38;14.44;
hz_1472072-PPT.jpg;12.91;13.12;13.46;13.62;
hz_1481158-PPT.jpg;12.4;12.52;12.19;12.22;
hz_1599051-PPT.jpg;13.36;13.66;13.96;14.16;
hz_1599057-PPT.jpg;13.7;13.72;14.15;14.37;
hz_1599059-PPT.jpg;13.81;14.54;14.89;15.21;
hz_1599060-PPT.jpg;13.69;14.08;14.4;14.62;
hz_1599434-PPT.jpg;13.96;13.85;14.36;14.28;
hz_1599436-PPT.jpg;13.93;13.95;14.44;14.85;
hz_1599438-PPT.jpg;13.52;13.6;14.05;14.27;
hz_1599744-PPT.jpg;13.54;12.69;13.46;13.88;
hz_1599880-PPT.jpg;12.95;13.32;13.66;13.79;
hz_1599958-PPT.jpg;13.13;13.57;14.0;14.24;
hz_1599992-PPT.jpg;13.82;14.06;14.11;14.2;
hz_1599995-PPT.jpg;12.4;12.33;12.61;12.78;
hz_1599996-PPT.jpg;13.15;13.28;13.6;13.73;
hz_1599997-PPT.jpg;12.93;13.05;13.69;14.13;
hz_1600092-PPT.jpg;12.35;12.59;12.89;13.11;
hz_1600093-PPT.jpg;12.32;12.26;12.64;12.82;
hz_5360671-PPT.jpg;14.1;14.2;14.66;14.52;
hz_5360672-PPT.jpg;12.98;13.38;13.73;13.77;
hz_5361215-PPT.jpg;12.93;12.96;13.35;13.6;
hz_5506206-PPT.jpg;12.24;12.04;12.96;13.11;
hz_5506207-PPT.jpg;13.81;13.51;14.54;14.44;
hz_5511469-PPT.jpg;13.31;13.49;13.67;13.77;
hz_5520223-PPT.jpg;14.35;14.65;14.64;14.8;
hz_imagem_64.jpg;14.43;14.92;15.06;15.1;
hz_imagem_68.jpg;13.91;13.73;13.77;14.08;
sf_1222015-PPT.jpg;13.15;13.6;13.72;13.77;
sf_1235063-PPT.jpg;13.98;14.28;14.58;14.44;
sf_1235064-PPT.jpg;14.0;14.23;14.23;14.45;
sf_1235135-PPT.jpg;11.84;11.95;12.08;11.95;
sf_1320022-PPT.jpg;12.22;12.08;12.4;12.74;
sf_1327032-PPT.jpg;14.87;15.21;16.09;16.29;
sf_1327071-PPT.jpg;13.08;12.83;11.51;11.26;
sf_1327072-PPT.jpg;15.04;14.88;14.67;14.13;
sf_1327073-PPT.jpg;11.13;11.46;11.76;11.84;
sf_1435040-PPT.jpg;15.27;15.56;15.14;15.23;
sf_1435163-PPT.jpg;13.78;14.18;14.48;14.62;
sf_1481171-PPT.jpg;12.46;12.34;11.74;11.94;
sf_1599072-PPT.jpg;11.85;12.17;13.06;13.68;
sf_1599073-PPT.jpg;12.46;12.76;12.82;12.66;
sf_1599417-PPT.jpg;12.79;13.1;12.91;13.27;
sf_1599418-PPT.jpg;11.94;12.02;12.08;12.26;
sf_1599419-PPT.jpg;13.8;13.96;14.36;14.55;
sf_1599420-PPT.jpg;12.0;12.4;12.35;12.71;
sf_1599888-PPT.jpg;13.57;13.92;14.26;14.6;
sf_1599889-PPT.jpg;13.79;14.13;14.5;14.82;
sf_1599890-PPT.jpg;13.69;13.92;14.27;14.46;
sf_1599891-PPT.jpg;13.19;13.36;13.68;13.86;
sf_1599892-PPT.jpg;14.43;14.57;14.95;15.13;
sf_1599893-PPT.jpg;12.38;12.57;12.67;12.81;
sf_1599894-PPT.jpg;13.17;13.09;13.34;13.32;
sf_1599998-PPT.jpg;13.87;13.89;14.3;14.42;
sf_1599999-PPT.jpg;13.88;13.89;14.31;14.41;
sf_1600000-PPT.jpg;13.5;13.58;13.7;13.79;
sf_1600001-PPT.jpg;12.56;12.54;12.8;13.01;
sf_1600003-PPT.jpg;13.54;13.77;13.96;14.19;
sf_1600004-PPT.jpg;12.41;12.67;13.27;13.68;
sf_1600005-PPT.jpg;10.92;11.06;11.11;11.7;
sf_1600006-PPT.jpg;13.38;13.6;13.86;13.84;
sf_1600007-PPT.jpg;12.7;12.84;13.08;13.1;
sf_1600008-PPT.jpg;13.67;13.71;13.72;13.9;
sf_1600009-PPT.jpg;12.54;12.73;13.0;12.93;
sf_1600010-PPT.jpg;12.75;12.94;12.96;13.23;
sf_1600011-PPT.jpg;14.52;15.19;15.78;15.48;
sf_1600099-PPT.jpg;11.95;12.19;12.42;12.48;
sf_1600101-PPT.jpg;13.19;13.58;13.7;13.7;
sf_1600102-PPT.jpg;14.06;14.27;14.62;14.84;
sf_1600133-PPT.jpg;12.2;12.35;12.16;11.93;
sf_1600134-PPT.jpg;12.2;11.96;12.7;12.19;
sf_1600135-PPT.jpg;14.09;14.18;14.5;14.76;
sf_1673034-PPT.jpg;14.29;14.46;14.57;14.81;
sf_1673042-PPT.jpg;13.0;13.18;13.73;13.86;
sf_1858071-PPT.jpg;13.01;13.14;13.37;13.55;
sf_1858074-PPT.jpg;13.92;14.03;14.2;14.28;
sf_4387058-PPT.jpg;13.2;13.24;13.28;13.41;
sf_5110009-PPT.jpg;12.94;13.07;13.25;13.06;
sf_5360472-PPT.jpg;13.83;13.9;14.32;13.78;
sf_5361210-PPT.jpg;14.0;14.43;14.78;15.1;
sf_5367921-PPT.jpg;12.55;13.13;13.48;13.71;
sf_5367922-PPT.jpg;14.2;14.5;15.19;15.16;
sf_5367923-PPT.jpg;13.8;14.34;14.72;14.74;
sf_5367924-PPT.jpg;12.31;12.41;13.46;14.2;
sf_5383669-PPT.jpg;13.04;13.19;13.32;13.46;
sf_5383670-PPT.jpg;12.66;12.74;13.23;13.35;
sf_5438976-PPT.jpg;12.79;13.98;13.67;13.75;
sf_5438977-PPT.jpg;12.42;12.94;14.02;13.92;
sf_5438978-PPT.jpg;13.56;14.87;14.84;14.04;
sf_5507023-PPT.jpg;14.84;15.24;15.48;15.15;
sf_5507028-PPT.jpg;11.27;11.42;11.53;11.72;
