Imagem;20;25;30;35;
hz_1224099-PPT.jpg;13.22;13.38;13.58;13.64;
hz_1233154-PPT.jpg;12.23;12.55;12.73;12.68;
hz_1234055-PPT.jpg;11.42;11.42;11.27;11.52;
hz_1234223-PPT.jpg;13.31;13.4;13.82;13.74;
hz_1235128-PPT.jpg;13.1;12.55;12.49;13.12;
hz_1235134-PPT.jpg;11.91;12.08;12.25;12.24;
hz_1235167-PPT.jpg;12.36;12.51;12.54;12.71;
hz_1236191-PPT.jpg;11.78;11.91;12.1;12.03;
hz_1242061-PPT.jpg;13.47;13.68;13.63;13.7;
hz_1327005-PPT.jpg;13.22;13.59;13.63;13.43;
hz_1327006-PPT.jpg;13.07;12.84;12.8;12.46;
hz_1327007-PPT.jpg;12.65;12.01;12.63;11.58;
hz_1327010-PPT.jpg;12.9;13.24;13.38;13.47;
hz_1432033-PPT.jpg;12.98;13.6;13.62;13.61;
hz_1435039-PPT.jpg;12.65;12.93;13.43;13.46;
hz_1435044-PPT.jpg;13.1;13.36;13.03;12.88;
hz_1435166-PPT.jpg;12.71;12.53;13.2;13.23;
hz_1472066-PPT.jpg;13.94;14.22;14.16;14.39;
hz_1472071-PPT.jpg;13.91;14.14;14.48;14.63;
hz_1472072-PPT.jpg;12.41;12.57;12.82;12.98;
hz_1481158-PPT.jpg;13.52;13.64;13.08;13.13;
hz_1599051-PPT.jpg;12.71;13.01;13.24;13.48;
hz_1599057-PPT.jpg;13.02;13.04;13.45;13.65;
hz_1599059-PPT.jpg;12.89;13.5;13.77;14.01;
hz_1599060-PPT.jpg;12.86;13.11;13.39;13.58;
hz_1599434-PPT.jpg;12.88;12.74;13.39;13.58;
hz_1599436-PPT.jpg;13.29;13.1;13.72;13.9;
hz_1599438-PPT.jpg;12.44;12.57;12.97;13.26;
hz_1599744-PPT.jpg;14.45;13.57;14.4;14.89;
hz_1599880-PPT.jpg;12.59;12.98;13.42;13.61;
hz_1599958-PPT.jpg;12.98;13.31;13.77;14.04;
hz_1599992-PPT.jpg;13.68;13.88;13.84;14.02;
hz_1599995-PPT.jpg;12.53;12.47;12.73;12.9;
hz_1599996-PPT.jpg;12.67;12.78;13.1;13.27;
hz_1599997-PPT.jpg;11.9;12.0;12.6;13.0;
hz_1600092-PPT.jpg;12.69;12.98;13.31;13.62;
hz_1600093-PPT.jpg;12.72;12.61;13.06;13.24;
hz_5360671-PPT.jpg;13.18;13.38;13.78;13.49;
hz_5360672-PPT.jpg;12.91;13.28;13.64;13.67;
hz_5361215-PPT.jpg;12.43;12.42;12.82;13.03;
hz_5506206-PPT.jpg;11.77;11.7;12.38;12.59;
hz_5506207-PPT.jpg;13.08;12.97;14.05;14.08;
hz_5511469-PPT.jpg;12.93;13.11;13.3;13.45;
hz_5520223-PPT.jpg;13.88;14.14;14.16;14.32;
hz_imagem_64.jpg;14.37;14.47;14.58;14.67;
hz_imagem_68.jpg;12.72;12.58;12.64;12.89;
sf_1222015-PPT.jpg;13.26;13.74;13.89;13.87;
sf_1235063-PPT.jpg;12.91;13.19;13.4;13.34;
sf_1235064-PPT.jpg;13.07;13.27;13.25;13.46;
sf_1235135-PPT.jpg;12.28;12.44;12.61;12.49;
sf_1320022-PPT.jpg;12.67;12.54;12.85;13.08;
sf_1327032-PPT.jpg;14.3;14.82;15.13;15.05;
sf_1327071-PPT.jpg;13.6;13.22;11.68;11.64;
sf_1327072-PPT.jpg;13.99;13.51;13.46;12.94;
sf_1327073-PPT.jpg;11.23;11.54;11.84;11.94;
sf_1435040-PPT.jpg;15.94;16.25;15.39;15.3;
sf_1435163-PPT.jpg;13.02;13.43;13.69;13.78;
sf_1481171-PPT.jpg;13.88;13.61;12.99;13.02;
sf_1599072-PPT.jpg;11.16;11.76;13.28;13.23;
sf_1599073-PPT.jpg;11.58;11.86;11.99;11.81;
sf_1599417-PPT.jpg;12.15;12.41;12.25;12.54;
sf_1599418-PPT.jpg;13.31;13.33;13.5;13.68;
sf_1599419-PPT.jpg;13.61;13.79;14.33;14.58;
sf_1599420-PPT.jpg;11.2;11.57;11.53;11.87;
sf_1599888-PPT.jpg;12.93;13.24;13.58;13.89;
sf_1599889-PPT.jpg;12.92;13.21;13.57;13.86;
sf_1599890-PPT.jpg;12.84;13.05;13.37;13.57;
sf_1599891-PPT.jpg;12.72;12.89;13.22;13.39;
sf_1599892-PPT.jpg;13.44;13.57;13.95;14.1;
sf_1599893-PPT.jpg;12.12;12.33;12.36;12.56;
sf_1599894-PPT.jpg;14.11;14.01;14.35;14.4;
sf_1599998-PPT.jpg;13.12;13.17;13.54;13.66;
sf_1599999-PPT.jpg;13.08;13.17;13.54;13.61;
sf_1600000-PPT.jpg;13.24;13.32;13.44;13.51;
sf_1600001-PPT.jpg;12.58;12.66;12.87;13.09;
sf_1600003-PPT.jpg;13.09;13.26;13.63;13.8;
sf_1600004-PPT.jpg;12.48;12.76;13.36;13.82;
sf_1600005-PPT.jpg;11.17;11.28;11.37;11.9;
sf_1600006-PPT.jpg;13.05;13.28;13.68;13.8;
sf_1600007-PPT.jpg;12.56;12.68;12.92;13.02;
sf_1600008-PPT.jpg;13.41;13.46;13.52;13.69;
sf_1600009-PPT.jpg;12.14;12.38;12.56;12.48;
sf_1600010-PPT.jpg;12.66;12.87;12.86;13.18;
sf_1600011-PPT.jpg;13.2;13.62;14.1;13.91;
sf_1600099-PPT.jpg;12.57;12.77;13.01;13.17;
sf_1600101-PPT.jpg;12.82;13.15;13.29;13.17;
sf_1600102-PPT.jpg;12.96;13.25;13.63;13.72;
sf_1600133-PPT.jpg;12.3;12.44;12.26;12.04;
sf_1600134-PPT.jpg;11.4;11.3;12.01;11.85;
sf_1600135-PPT.jpg;13.16;13.24;13.58;13.85;
sf_1673034-PPT.jpg;13.45;13.64;13.8;14.02;
sf_1673042-PPT.jpg;12.82;12.96;13.57;13.7;
sf_1858071-PPT.jpg;12.45;12.57;12.8;12.99;
sf_1858074-PPT.jpg;13.48;13.58;13.67;13.82;
sf_4387058-PPT.jpg;13.87;13.9;14.0;14.08;
sf_5110009-PPT.jpg;13.98;14.17;14.22;14.56;
sf_5360472-PPT.jpg;14.0;14.09;14.52;13.97;
sf_5361210-PPT.jpg;13.71;14.22;14.56;14.76;
sf_5367921-PPT.jpg;11.52;12.06;12.33;12.84;
sf_5367922-PPT.jpg;13.11;13.36;13.96;14.0;
sf_5367923-PPT.jpg;12.73;13.18;13.49;13.5;
sf_5367924-PPT.jpg;11.5;11.68;12.77;13.19;
sf_5383669-PPT.jpg;13.52;13.68;13.8;13.92;
sf_5383670-PPT.jpg;12.73;12.81;13.29;13.41;
sf_5438976-PPT.jpg;12.18;13.16;12.98;12.82;
sf_5438977-PPT.jpg;11.91;12.18;12.67;12.58;
sf_5438978-PPT.jpg;12.62;13.74;13.74;13.02;
sf_5507023-PPT.jpg;14.85;15.22;15.45;15.5;
sf_5507028-PPT.jpg;10.8;10.91;11.04;11.23;
