Imagem;Q1;Q2;Q3;Q4;
hz_1224099-PPT.jpg;32.1;13.82;11.63;10.64
hz_1233154-PPT.jpg;24.45;13.24;10.87;9.7
hz_1234055-PPT.jpg;37.64;13.48;10.83;9.64
hz_1234223-PPT.jpg;32.65;14.07;11.49;9.8
hz_1235128-PPT.jpg;30.96;14.16;11.14;10.86
hz_1235134-PPT.jpg;25.85;13.88;10.88;10.2
hz_1235167-PPT.jpg;33.45;13.73;11.06;10.01
hz_1236191-PPT.jpg;26.29;14.54;11.91;9.96
hz_1242061-PPT.jpg;28.38;13.47;11.88;10.47
hz_1327005-PPT.jpg;25.2;14.85;11.06;10.31
hz_1327006-PPT.jpg;28.37;16.45;9.87;10.34
hz_1327007-PPT.jpg;26.52;16.24;10.42;10.53
hz_1327010-PPT.jpg;24.52;13.91;12.06;10.58
hz_1432033-PPT.jpg;37.59;13.63;11.31;10.34
hz_1435039-PPT.jpg;31.08;14.44;11.87;10.49
hz_1435044-PPT.jpg;25.91;14.41;12.01;10.66
hz_1435166-PPT.jpg;24.71;14.42;12.67;10.47
hz_1472066-PPT.jpg;25.77;14.09;12.09;10.03
hz_1472071-PPT.jpg;33.98;14.69;12.88;10.89
hz_1472072-PPT.jpg;25.68;14.06;11.33;10.1
hz_1481158-PPT.jpg;23.84;15.56;11.25;10.54
hz_1599051-PPT.jpg;34.39;13.83;11.68;10.31
hz_1599057-PPT.jpg;35.86;13.71;11.04;10.69
hz_1599059-PPT.jpg;39.17;13.61;11.09;10.2
hz_1599060-PPT.jpg;34.83;13.59;10.98;10.07
hz_1599434-PPT.jpg;25.24;13.21;10.85;10.22
hz_1599436-PPT.jpg;21.88;12.72;11.26;10.2
hz_1599438-PPT.jpg;37.38;13.53;11.07;10.97
hz_1599744-PPT.jpg;28.4;15.44;12.0;11.86
hz_1599880-PPT.jpg;28.66;14.02;10.61;10.1
hz_1599958-PPT.jpg;26.32;13.77;11.91;10.26
hz_1599992-PPT.jpg;31.33;14.5;11.82;10.32
hz_1599995-PPT.jpg;27.7;14.39;10.44;10.12
hz_1599996-PPT.jpg;32.49;14.12;11.33;10.27
hz_1599997-PPT.jpg;33.19;13.57;10.99;10.62
hz_1600092-PPT.jpg;26.57;14.98;10.83;10.6
hz_1600093-PPT.jpg;25.07;14.91;10.43;11.42
hz_5360671-PPT.jpg;33.75;13.59;11.5;11.29
hz_5360672-PPT.jpg;26.13;14.32;12.11;10.43
hz_5361215-PPT.jpg;32.8;14.42;10.71;10.4
hz_5506206-PPT.jpg;32.52;14.42;11.36;10.31
hz_5506207-PPT.jpg;24.7;13.4;11.25;10.54
hz_5511469-PPT.jpg;34.87;13.79;10.78;9.98
hz_5520223-PPT.jpg;30.13;13.68;9.55;10.12
hz_imagem_64.jpg;38.17;14.49;10.82;10.56
hz_imagem_68.jpg;29.42;13.49;10.42;9.97
sf_1222015-PPT.jpg;25.13;14.42;12.13;10.58
sf_1235063-PPT.jpg;28.78;13.47;11.26;9.67
sf_1235064-PPT.jpg;34.02;13.6;10.64;9.96
sf_1235135-PPT.jpg;28.44;14.74;10.58;9.89
sf_1320022-PPT.jpg;24.17;14.42;11.33;10.24
sf_1327032-PPT.jpg;30.83;13.54;11.58;10.27
sf_1327071-PPT.jpg;23.81;15.37;11.34;10.83
sf_1327072-PPT.jpg;33.6;13.64;11.09;10.73
sf_1327073-PPT.jpg;27.46;14.3;10.13;9.39
sf_1435040-PPT.jpg;25.81;14.8;13.08;11.35
sf_1435163-PPT.jpg;23.76;13.3;10.67;10.11
sf_1481171-PPT.jpg;25.07;15.81;11.98;11.28
sf_1599072-PPT.jpg;37.42;14.5;11.43;10.22
sf_1599073-PPT.jpg;30.44;14.26;11.21;9.54
sf_1599417-PPT.jpg;34.66;14.36;10.43;9.92
sf_1599418-PPT.jpg;21.61;16.1;10.73;10.73
sf_1599419-PPT.jpg;35.73;13.84;11.85;10.19
sf_1599420-PPT.jpg;22.95;13.29;10.88;9.36
sf_1599888-PPT.jpg;41.39;13.68;11.0;10.59
sf_1599889-PPT.jpg;41.27;13.71;10.95;10.64
sf_1599890-PPT.jpg;39.81;13.95;11.0;10.43
sf_1599891-PPT.jpg;36.5;14.45;11.26;10.75
sf_1599892-PPT.jpg;33.57;13.83;10.9;10.46
sf_1599893-PPT.jpg;31.2;15.15;10.84;10.19
sf_1599894-PPT.jpg;28.41;15.83;12.68;10.42
sf_1599998-PPT.jpg;34.74;13.99;10.88;10.4
sf_1599999-PPT.jpg;34.76;14.03;11.16;10.3
sf_1600000-PPT.jpg;36.05;14.05;11.91;10.2
sf_1600001-PPT.jpg;31.54;14.9;11.46;10.66
sf_1600003-PPT.jpg;32.66;14.16;11.39;10.05
sf_1600004-PPT.jpg;40.24;13.98;11.6;10.67
sf_1600005-PPT.jpg;30.43;15.18;10.08;9.41
sf_1600006-PPT.jpg;31.57;14.17;11.99;10.08
sf_1600007-PPT.jpg;32.94;15.0;11.35;10.55
sf_1600008-PPT.jpg;33.51;14.13;11.73;10.75
sf_1600009-PPT.jpg;30.69;13.73;11.08;9.84
sf_1600010-PPT.jpg;29.15;14.21;11.51;10.6
sf_1600011-PPT.jpg;36.43;13.48;10.67;10.37
sf_1600099-PPT.jpg;33.27;14.54;12.17;10.15
sf_1600101-PPT.jpg;31.26;13.98;9.79;9.85
sf_1600102-PPT.jpg;34.77;13.55;11.27;10.28
sf_1600133-PPT.jpg;31.0;15.92;11.16;10.65
sf_1600134-PPT.jpg;27.69;13.37;11.34;10.68
sf_1600135-PPT.jpg;33.65;13.76;11.17;11.06
sf_1673034-PPT.jpg;28.99;13.76;11.22;10.48
sf_1673042-PPT.jpg;27.15;14.17;11.7;10.53
sf_1858071-PPT.jpg;28.42;13.52;12.74;10.03
sf_1858074-PPT.jpg;25.32;13.59;11.31;10.27
sf_4387058-PPT.jpg;26.91;15.15;12.64;11.2
sf_5110009-PPT.jpg;23.1;15.1;11.04;10.34
sf_5360472-PPT.jpg;24.84;16.09;10.59;11.47
sf_5361210-PPT.jpg;27.32;14.05;11.55;10.29
sf_5367921-PPT.jpg;41.57;13.35;10.88;10.24
sf_5367922-PPT.jpg;36.62;13.47;10.93;10.39
sf_5367923-PPT.jpg;38.45;13.41;11.22;10.86
sf_5367924-PPT.jpg;36.49;13.33;11.33;10.39
sf_5383669-PPT.jpg;25.81;13.86;11.11;10.03
sf_5383670-PPT.jpg;26.94;14.76;10.97;10.47
sf_5438976-PPT.jpg;39.22;13.41;11.18;10.22
sf_5438977-PPT.jpg;24.33;13.19;11.07;9.93
sf_5438978-PPT.jpg;21.73;12.78;11.16;10.13
sf_5507023-PPT.jpg;31.38;14.01;12.58;11.63
sf_5507028-PPT.jpg;24.52;13.63;10.69;9.81
