Imagem;Q1;Q2;Q3;Q4;
hz_1224099-PPT.jpg;29.54;28.77;21.42;16.4
hz_1233154-PPT.jpg;18.15;18.25;12.76;17.35
hz_1234055-PPT.jpg;34.69;28.85;20.09;14.73
hz_1234223-PPT.jpg;29.16;25.21;15.93;14.58
hz_1235128-PPT.jpg;23.99;24.62;15.22;21.48
hz_1235134-PPT.jpg;36.19;29.04;19.59;11.99
hz_1235167-PPT.jpg;29.09;25.5;19.12;14.26
hz_1236191-PPT.jpg;24.78;21.9;16.22;10.58
hz_1242061-PPT.jpg;24.81;26.33;16.45;19.79
hz_1327005-PPT.jpg;24.68;23.86;14.89;15.07
hz_1327006-PPT.jpg;31.27;18.97;9.8;11.9
hz_1327007-PPT.jpg;27.05;17.67;10.18;10.75
hz_1327010-PPT.jpg;22.44;20.53;17.03;14.88
hz_1432033-PPT.jpg;34.4;28.37;23.7;15.96
hz_1435039-PPT.jpg;29.22;23.85;16.56;15.54
hz_1435044-PPT.jpg;24.97;21.81;17.71;14.77
hz_1435166-PPT.jpg;24.04;21.38;17.71;12.68
hz_1472066-PPT.jpg;24.44;23.27;17.85;20.31
hz_1472071-PPT.jpg;30.69;25.18;21.03;16.41
hz_1472072-PPT.jpg;24.44;26.58;18.54;15.13
hz_1481158-PPT.jpg;23.13;17.24;15.04;14.44
hz_1599051-PPT.jpg;31.09;27.99;19.49;15.57
hz_1599057-PPT.jpg;33.73;27.77;16.83;13.75
hz_1599059-PPT.jpg;36.75;28.89;22.5;22.44
hz_1599060-PPT.jpg;32.15;28.67;18.94;16.45
hz_1599434-PPT.jpg;35.64;29.59;15.52;21.36
hz_1599436-PPT.jpg;35.74;29.87;19.13;18.73
hz_1599438-PPT.jpg;29.02;27.17;21.35;13.74
hz_1599744-PPT.jpg;27.54;19.83;17.29;15.83
hz_1599880-PPT.jpg;28.89;24.31;13.51;16.45
hz_1599958-PPT.jpg;24.53;27.65;16.78;16.75
hz_1599992-PPT.jpg;29.42;26.16;17.58;16.49
hz_1599995-PPT.jpg;26.27;21.45;14.32;13.09
hz_1599996-PPT.jpg;28.39;24.84;16.95;16.1
hz_1599997-PPT.jpg;30.13;27.35;15.95;14.56
hz_1600092-PPT.jpg;25.05;20.06;16.6;13.52
hz_1600093-PPT.jpg;22.93;19.09;11.56;13.4
hz_5360671-PPT.jpg;30.79;27.12;18.87;17.57
hz_5360672-PPT.jpg;23.85;21.34;15.58;16.0
hz_5361215-PPT.jpg;30.01;26.45;15.99;12.61
hz_5506206-PPT.jpg;28.97;25.74;17.25;15.19
hz_5506207-PPT.jpg;22.99;22.55;17.08;18.01
hz_5511469-PPT.jpg;30.12;25.84;11.46;15.82
hz_5520223-PPT.jpg;28.29;26.89;10.43;20.16
hz_imagem_64.jpg;36.45;25.37;13.02;19.7
hz_imagem_68.jpg;24.41;22.87;15.92;15.28
sf_1222015-PPT.jpg;20.96;20.76;25.94;14.87
sf_1235063-PPT.jpg;20.54;20.57;18.02;12.46
sf_1235064-PPT.jpg;26.26;25.72;14.39;16.23
sf_1235135-PPT.jpg;26.69;23.05;11.63;11.46
sf_1320022-PPT.jpg;22.41;19.16;15.57;14.24
sf_1327032-PPT.jpg;25.59;23.34;16.73;15.48
sf_1327071-PPT.jpg;19.85;16.63;14.22;13.09
sf_1327072-PPT.jpg;23.28;22.87;18.51;20.16
sf_1327073-PPT.jpg;24.66;23.22;12.31;11.61
sf_1435040-PPT.jpg;24.57;20.67;18.92;19.55
sf_1435163-PPT.jpg;34.61;26.66;19.23;19.91
sf_1481171-PPT.jpg;24.64;18.21;14.42;14.14
sf_1599072-PPT.jpg;35.81;25.17;21.29;18.38
sf_1599073-PPT.jpg;32.43;25.79;21.4;17.67
sf_1599417-PPT.jpg;28.44;26.12;14.82;15.51
sf_1599418-PPT.jpg;21.61;15.99;14.46;13.2
sf_1599419-PPT.jpg;28.56;23.26;15.34;18.41
sf_1599420-PPT.jpg;18.7;18.16;15.1;12.19
sf_1599888-PPT.jpg;40.91;28.08;18.88;14.93
sf_1599889-PPT.jpg;40.96;28.07;17.5;15.39
sf_1599890-PPT.jpg;38.52;26.91;18.29;16.07
sf_1599891-PPT.jpg;31.93;25.01;15.92;14.96
sf_1599892-PPT.jpg;26.2;23.77;17.88;14.42
sf_1599893-PPT.jpg;27.38;23.1;17.72;11.8
sf_1599894-PPT.jpg;28.0;19.89;18.0;17.32
sf_1599998-PPT.jpg;32.77;25.25;18.27;16.11
sf_1599999-PPT.jpg;32.77;25.25;18.86;15.82
sf_1600000-PPT.jpg;31.63;26.55;17.86;16.54
sf_1600001-PPT.jpg;29.33;22.89;16.22;15.28
sf_1600003-PPT.jpg;28.14;24.41;18.86;14.51
sf_1600004-PPT.jpg;39.68;27.85;15.79;15.06
sf_1600005-PPT.jpg;26.54;20.57;11.81;11.79
sf_1600006-PPT.jpg;28.92;25.11;19.03;14.18
sf_1600007-PPT.jpg;27.05;21.56;15.78;11.33
sf_1600008-PPT.jpg;29.84;25.73;18.91;16.76
sf_1600009-PPT.jpg;24.67;24.51;10.98;10.53
sf_1600010-PPT.jpg;25.32;22.14;18.4;16.63
sf_1600011-PPT.jpg;35.99;28.78;21.32;20.4
sf_1600099-PPT.jpg;26.89;22.88;14.65;11.22
sf_1600101-PPT.jpg;30.11;28.4;13.54;18.33
sf_1600102-PPT.jpg;30.74;26.54;19.46;17.89
sf_1600133-PPT.jpg;25.86;26.07;16.79;14.3
sf_1600134-PPT.jpg;34.98;26.98;18.5;17.94
sf_1600135-PPT.jpg;34.01;28.95;17.09;14.23
sf_1673034-PPT.jpg;24.97;22.66;14.44;19.43
sf_1673042-PPT.jpg;25.75;22.88;20.22;15.78
sf_1858071-PPT.jpg;30.38;26.76;18.24;14.8
sf_1858074-PPT.jpg;23.6;21.33;13.97;16.83
sf_4387058-PPT.jpg;25.49;21.49;17.11;15.65
sf_5110009-PPT.jpg;22.83;17.76;11.79;17.63
sf_5360472-PPT.jpg;20.03;18.15;18.68;16.16
sf_5361210-PPT.jpg;24.4;21.11;18.04;20.91
sf_5367921-PPT.jpg;38.84;29.89;27.75;20.48
sf_5367922-PPT.jpg;33.47;28.51;20.85;20.18
sf_5367923-PPT.jpg;35.03;30.06;22.13;20.49
sf_5367924-PPT.jpg;33.19;29.58;21.76;21.02
sf_5383669-PPT.jpg;24.15;22.53;12.87;15.78
sf_5383670-PPT.jpg;25.23;18.86;17.17;14.12
sf_5438976-PPT.jpg;38.48;29.39;20.51;20.23
sf_5438977-PPT.jpg;22.19;20.88;20.47;16.34
sf_5438978-PPT.jpg;34.09;30.51;20.81;18.23
sf_5507023-PPT.jpg;28.13;24.77;18.19;15.97
sf_5507028-PPT.jpg;23.76;24.88;15.33;9.14
