Imagem;Q1;Q2;Q3;Q4;
hz_1224099-PPT.jpg;20.39;12.79;10.85;9.7
hz_1233154-PPT.jpg;16.15;11.59;9.72;9.84
hz_1234055-PPT.jpg;29.6;13.25;10.63;9.52
hz_1234223-PPT.jpg;26.15;13.72;11.08;9.53
hz_1235128-PPT.jpg;20.82;13.3;10.54;10.81
hz_1235134-PPT.jpg;31.92;13.99;10.8;9.71
hz_1235167-PPT.jpg;28.04;13.31;10.64;9.82
hz_1236191-PPT.jpg;19.83;13.82;11.22;9.97
hz_1242061-PPT.jpg;21.63;13.31;11.09;10.02
hz_1327005-PPT.jpg;24.43;14.55;10.56;9.8
hz_1327006-PPT.jpg;29.1;16.17;9.35;10.24
hz_1327007-PPT.jpg;25.41;15.76;9.25;9.62
hz_1327010-PPT.jpg;20.06;12.97;11.54;9.4
hz_1432033-PPT.jpg;29.3;13.34;11.28;9.48
hz_1435039-PPT.jpg;25.04;13.99;11.4;9.99
hz_1435044-PPT.jpg;23.31;14.08;11.84;10.05
hz_1435166-PPT.jpg;21.23;13.63;12.31;9.89
hz_1472066-PPT.jpg;22.83;13.81;11.89;9.84
hz_1472071-PPT.jpg;25.69;14.21;12.64;10.32
hz_1472072-PPT.jpg;22.37;13.78;10.93;9.68
hz_1481158-PPT.jpg;21.26;14.77;11.31;10.47
hz_1599051-PPT.jpg;26.51;13.58;11.28;9.85
hz_1599057-PPT.jpg;27.97;13.4;10.92;9.4
hz_1599059-PPT.jpg;31.2;13.37;10.64;9.97
hz_1599060-PPT.jpg;26.97;13.33;10.76;9.48
hz_1599434-PPT.jpg;30.51;13.32;10.45;10.1
hz_1599436-PPT.jpg;31.19;13.17;10.7;9.68
hz_1599438-PPT.jpg;29.46;13.35;11.01;10.14
hz_1599744-PPT.jpg;26.72;15.09;11.7;11.6
hz_1599880-PPT.jpg;24.55;13.53;10.25;9.6
hz_1599958-PPT.jpg;22.07;13.46;11.37;9.73
hz_1599992-PPT.jpg;25.47;14.21;11.48;9.67
hz_1599995-PPT.jpg;25.18;14.0;9.96;9.64
hz_1599996-PPT.jpg;25.58;13.64;11.16;9.81
hz_1599997-PPT.jpg;25.52;13.23;10.57;10.0
hz_1600092-PPT.jpg;22.11;14.46;10.35;9.52
hz_1600093-PPT.jpg;19.91;14.17;9.64;11.06
hz_5360671-PPT.jpg;23.77;13.21;11.5;10.76
hz_5360672-PPT.jpg;20.66;13.72;11.57;9.97
hz_5361215-PPT.jpg;25.92;14.13;10.21;9.75
hz_5506206-PPT.jpg;24.09;14.13;11.16;9.97
hz_5506207-PPT.jpg;19.25;12.72;10.48;10.21
hz_5511469-PPT.jpg;24.52;13.26;9.36;8.99
hz_5520223-PPT.jpg;26.01;13.41;8.94;9.87
hz_imagem_64.jpg;22.85;13.45;8.73;10.27
hz_imagem_68.jpg;25.53;13.09;10.29;9.93
sf_1222015-PPT.jpg;20.85;14.02;11.83;10.21
sf_1235063-PPT.jpg;24.04;13.39;11.02;9.95
sf_1235064-PPT.jpg;20.69;12.98;9.53;9.23
sf_1235135-PPT.jpg;24.31;14.44;10.15;9.47
sf_1320022-PPT.jpg;21.16;13.63;11.04;9.88
sf_1327032-PPT.jpg;23.16;12.99;11.05;9.15
sf_1327071-PPT.jpg;14.57;12.79;8.98;9.12
sf_1327072-PPT.jpg;20.74;12.82;10.47;10.17
sf_1327073-PPT.jpg;22.9;13.81;9.89;8.92
sf_1435040-PPT.jpg;21.95;14.28;12.92;10.87
sf_1435163-PPT.jpg;31.36;13.32;10.55;10.0
sf_1481171-PPT.jpg;21.25;15.01;10.97;10.79
sf_1599072-PPT.jpg;30.89;14.19;11.21;9.71
sf_1599073-PPT.jpg;28.57;13.98;11.01;9.31
sf_1599417-PPT.jpg;26.62;14.1;9.99;9.31
sf_1599418-PPT.jpg;22.16;15.9;10.46;10.65
sf_1599419-PPT.jpg;25.61;13.23;11.39;10.06
sf_1599420-PPT.jpg;18.44;12.51;10.2;8.67
sf_1599888-PPT.jpg;35.17;13.41;10.72;9.61
sf_1599889-PPT.jpg;35.15;13.42;10.78;9.76
sf_1599890-PPT.jpg;33.31;13.54;10.67;9.62
sf_1599891-PPT.jpg;30.04;14.15;10.84;10.07
sf_1599892-PPT.jpg;26.4;13.58;10.5;9.72
sf_1599893-PPT.jpg;23.26;14.65;10.19;9.38
sf_1599894-PPT.jpg;25.1;15.34;12.17;9.95
sf_1599998-PPT.jpg;22.97;13.07;10.5;10.17
sf_1599999-PPT.jpg;23.49;13.18;10.54;9.98
sf_1600000-PPT.jpg;25.58;13.7;11.83;9.98
sf_1600001-PPT.jpg;24.88;14.37;10.88;10.23
sf_1600003-PPT.jpg;23.49;13.67;11.06;9.12
sf_1600004-PPT.jpg;36.27;13.7;10.83;9.79
sf_1600005-PPT.jpg;24.21;14.64;8.69;8.51
sf_1600006-PPT.jpg;23.65;13.72;11.43;9.07
sf_1600007-PPT.jpg;22.54;14.3;10.39;9.22
sf_1600008-PPT.jpg;23.48;13.65;11.34;10.6
sf_1600009-PPT.jpg;21.53;13.06;9.64;8.22
sf_1600010-PPT.jpg;21.77;13.43;11.26;10.66
sf_1600011-PPT.jpg;32.54;13.25;10.49;9.98
sf_1600099-PPT.jpg;24.38;14.23;11.47;9.57
sf_1600101-PPT.jpg;24.41;13.71;10.01;9.58
sf_1600102-PPT.jpg;25.25;13.1;10.95;9.8
sf_1600133-PPT.jpg;22.53;15.7;10.54;10.92
sf_1600134-PPT.jpg;30.98;13.16;11.13;10.62
sf_1600135-PPT.jpg;30.94;13.59;10.65;10.27
sf_1673034-PPT.jpg;21.74;12.73;10.49;10.31
sf_1673042-PPT.jpg;22.5;13.53;11.32;10.16
sf_1858071-PPT.jpg;25.96;13.3;12.5;9.67
sf_1858074-PPT.jpg;24.92;13.49;10.97;10.18
sf_4387058-PPT.jpg;22.66;14.77;12.3;10.87
sf_5110009-PPT.jpg;20.62;14.43;10.13;10.06
sf_5360472-PPT.jpg;18.41;15.29;10.7;11.16
sf_5361210-PPT.jpg;21.59;13.45;11.35;10.03
sf_5367921-PPT.jpg;33.93;13.15;10.84;9.94
sf_5367922-PPT.jpg;28.91;13.21;10.7;9.73
sf_5367923-PPT.jpg;31.08;13.21;10.86;10.09
sf_5367924-PPT.jpg;28.85;13.12;11.1;10.05
sf_5383669-PPT.jpg;25.14;13.23;10.43;9.61
sf_5383670-PPT.jpg;24.43;14.22;10.32;9.68
sf_5438976-PPT.jpg;34.84;13.2;10.94;9.91
sf_5438977-PPT.jpg;31.25;13.34;10.91;9.43
sf_5438978-PPT.jpg;29.38;13.18;11.02;9.68
sf_5507023-PPT.jpg;25.45;13.65;12.48;10.67
sf_5507028-PPT.jpg;21.93;13.34;10.14;8.99
