Imagem;Q1;Q2;Q3;Q4;
hz_1224099-PPT.jpg;6.39;11.43;10.82;9.82
hz_1233154-PPT.jpg;4.53;5.08;12.64;8.0
hz_1234055-PPT.jpg;4.87;6.15;7.4;6.44
hz_1234223-PPT.jpg;2.7;4.57;6.11;7.2
hz_1235128-PPT.jpg;5.25;11.37;5.66;10.28
hz_1235134-PPT.jpg;3.34;3.68;8.38;5.37
hz_1235167-PPT.jpg;9.47;9.12;7.78;6.95
hz_1236191-PPT.jpg;4.63;4.01;8.2;5.15
hz_1242061-PPT.jpg;8.49;10.22;9.74;9.68
hz_1327005-PPT.jpg;17.71;3.07;9.78;6.37
hz_1327006-PPT.jpg;14.8;12.87;14.84;9.09
hz_1327007-PPT.jpg;19.42;14.32;13.71;11.26
hz_1327010-PPT.jpg;2.21;4.47;2.98;5.44
hz_1432033-PPT.jpg;7.06;7.65;10.85;7.46
hz_1435039-PPT.jpg;2.63;4.62;5.46;8.08
hz_1435044-PPT.jpg;5.56;7.69;2.92;13.69
hz_1435166-PPT.jpg;7.05;4.25;8.05;5.27
hz_1472066-PPT.jpg;3.77;4.57;3.72;6.66
hz_1472071-PPT.jpg;2.36;3.18;2.73;4.59
hz_1472072-PPT.jpg;5.41;4.08;5.39;6.12
hz_1481158-PPT.jpg;17.89;11.26;7.32;7.4
hz_1599051-PPT.jpg;4.33;8.25;7.09;5.67
hz_1599057-PPT.jpg;4.06;5.22;5.69;4.81
hz_1599059-PPT.jpg;6.39;8.5;9.13;9.56
hz_1599060-PPT.jpg;7.39;6.86;7.93;7.93
hz_1599434-PPT.jpg;6.26;6.77;7.45;7.95
hz_1599436-PPT.jpg;6.87;7.12;8.27;8.63
hz_1599438-PPT.jpg;7.4;5.88;8.31;5.68
hz_1599744-PPT.jpg;11.57;14.12;13.04;13.25
hz_1599880-PPT.jpg;10.88;9.61;6.2;8.94
hz_1599958-PPT.jpg;8.19;4.87;10.75;6.77
hz_1599992-PPT.jpg;4.73;3.8;3.84;6.62
hz_1599995-PPT.jpg;14.29;8.17;10.54;8.86
hz_1599996-PPT.jpg;4.96;8.8;9.63;8.83
hz_1599997-PPT.jpg;5.43;7.3;9.43;8.31
hz_1600092-PPT.jpg;5.82;4.95;5.66;4.78
hz_1600093-PPT.jpg;6.75;6.72;8.59;13.21
hz_5360671-PPT.jpg;6.04;9.49;10.54;11.91
hz_5360672-PPT.jpg;7.02;7.34;11.06;5.04
hz_5361215-PPT.jpg;4.35;3.62;9.35;5.63
hz_5506206-PPT.jpg;6.43;11.9;7.16;11.13
hz_5506207-PPT.jpg;7.92;6.9;6.58;10.79
hz_5511469-PPT.jpg;3.02;5.28;4.5;9.56
hz_5520223-PPT.jpg;3.08;8.27;5.57;10.16
hz_imagem_64.jpg;2.36;3.9;4.84;11.41
hz_imagem_68.jpg;6.33;7.6;6.5;7.66
sf_1222015-PPT.jpg;5.91;7.75;14.33;9.38
sf_1235063-PPT.jpg;5.74;5.41;6.43;6.01
sf_1235064-PPT.jpg;5.2;6.79;6.27;7.35
sf_1235135-PPT.jpg;4.61;6.24;4.8;5.31
sf_1320022-PPT.jpg;8.17;7.23;6.28;8.27
sf_1327032-PPT.jpg;3.25;5.45;4.61;6.45
sf_1327071-PPT.jpg;12.54;16.34;11.77;13.03
sf_1327072-PPT.jpg;4.48;6.98;7.84;10.57
sf_1327073-PPT.jpg;6.69;5.25;4.98;5.47
sf_1435040-PPT.jpg;9.7;11.78;2.31;4.42
sf_1435163-PPT.jpg;7.62;9.34;7.75;9.33
sf_1481171-PPT.jpg;14.35;13.63;9.62;11.17
sf_1599072-PPT.jpg;12.66;9.95;10.92;8.2
sf_1599073-PPT.jpg;6.53;9.91;7.36;7.52
sf_1599417-PPT.jpg;5.02;4.02;6.21;8.35
sf_1599418-PPT.jpg;19.32;16.55;9.09;8.64
sf_1599419-PPT.jpg;11.12;6.83;11.87;7.29
sf_1599420-PPT.jpg;6.15;8.5;8.4;8.56
sf_1599888-PPT.jpg;3.34;5.33;5.43;5.81
sf_1599889-PPT.jpg;3.34;5.33;5.49;5.78
sf_1599890-PPT.jpg;3.26;5.25;6.26;7.12
sf_1599891-PPT.jpg;3.03;3.22;5.36;8.38
sf_1599892-PPT.jpg;4.58;4.74;6.94;6.06
sf_1599893-PPT.jpg;5.48;10.57;11.22;7.27
sf_1599894-PPT.jpg;16.23;14.79;13.08;9.81
sf_1599998-PPT.jpg;5.73;4.62;8.57;4.68
sf_1599999-PPT.jpg;5.73;4.61;8.51;4.97
sf_1600000-PPT.jpg;2.68;4.66;4.79;6.31
sf_1600001-PPT.jpg;8.37;12.35;7.64;9.92
sf_1600003-PPT.jpg;3.23;3.87;5.03;6.89
sf_1600004-PPT.jpg;16.81;11.72;12.8;6.65
sf_1600005-PPT.jpg;13.68;14.66;10.15;12.58
sf_1600006-PPT.jpg;3.23;3.87;5.18;6.96
sf_1600007-PPT.jpg;4.15;2.57;6.7;3.88
sf_1600008-PPT.jpg;8.24;8.32;11.33;10.09
sf_1600009-PPT.jpg;4.85;6.87;4.24;5.45
sf_1600010-PPT.jpg;4.49;6.55;4.08;6.49
sf_1600011-PPT.jpg;5.6;6.32;9.98;7.1
sf_1600099-PPT.jpg;1.88;3.27;5.23;5.01
sf_1600101-PPT.jpg;2.64;4.3;9.4;9.36
sf_1600102-PPT.jpg;4.58;6.4;6.93;6.72
sf_1600133-PPT.jpg;7.3;15.43;9.71;11.82
sf_1600134-PPT.jpg;7.38;8.74;9.35;11.01
sf_1600135-PPT.jpg;4.98;4.59;6.03;4.11
sf_1673034-PPT.jpg;8.39;6.09;11.41;6.16
sf_1673042-PPT.jpg;13.39;11.18;9.95;9.3
sf_1858071-PPT.jpg;8.71;9.3;13.2;6.77
sf_1858074-PPT.jpg;7.31;9.23;11.56;8.88
sf_4387058-PPT.jpg;4.55;11.84;12.29;10.8
sf_5110009-PPT.jpg;13.23;10.87;8.02;8.45
sf_5360472-PPT.jpg;8.1;14.61;8.52;12.52
sf_5361210-PPT.jpg;9.05;7.67;11.09;8.65
sf_5367921-PPT.jpg;5.82;6.81;7.66;7.41
sf_5367922-PPT.jpg;5.28;6.34;7.08;7.91
sf_5367923-PPT.jpg;5.01;6.08;7.23;7.29
sf_5367924-PPT.jpg;5.63;7.42;8.61;8.95
sf_5383669-PPT.jpg;1.18;8.01;4.11;5.56
sf_5383670-PPT.jpg;2.96;2.75;4.26;4.89
sf_5438976-PPT.jpg;7.27;8.64;6.57;8.14
sf_5438977-PPT.jpg;6.72;6.24;9.36;8.45
sf_5438978-PPT.jpg;6.84;8.19;8.16;8.26
sf_5507023-PPT.jpg;3.02;4.25;2.52;3.68
sf_5507028-PPT.jpg;8.65;5.33;8.31;4.19
