Imagem;Q1;Q2;Q3;Q4;
hz_1224099-PPT.jpg;27.2;26.87;21.22;16.37
hz_1233154-PPT.jpg;18.79;18.76;12.79;17.58
hz_1234055-PPT.jpg;36.19;28.35;20.18;15.29
hz_1234223-PPT.jpg;30.67;25.64;16.01;15.14
hz_1235128-PPT.jpg;25.43;25.66;15.31;21.03
hz_1235134-PPT.jpg;37.24;28.38;19.51;12.22
hz_1235167-PPT.jpg;32.21;26.34;19.98;15.14
hz_1236191-PPT.jpg;26.18;22.32;16.67;10.85
hz_1242061-PPT.jpg;26.05;26.24;16.84;19.35
hz_1327005-PPT.jpg;24.76;22.39;15.29;15.08
hz_1327006-PPT.jpg;30.68;18.84;9.7;11.64
hz_1327007-PPT.jpg;27.27;17.75;10.3;10.76
hz_1327010-PPT.jpg;23.34;21.45;17.28;15.89
hz_1432033-PPT.jpg;35.86;27.96;23.62;16.73
hz_1435039-PPT.jpg;30.59;24.49;16.88;15.93
hz_1435044-PPT.jpg;24.94;21.72;17.5;15.04
hz_1435166-PPT.jpg;24.49;21.48;17.68;13.06
hz_1472066-PPT.jpg;25.07;23.51;18.39;21.9
hz_1472071-PPT.jpg;31.71;24.69;20.89;16.9
hz_1472072-PPT.jpg;24.76;26.66;18.73;15.79
hz_1481158-PPT.jpg;23.65;17.47;15.25;13.86
hz_1599051-PPT.jpg;29.6;26.62;19.04;16.91
hz_1599057-PPT.jpg;34.76;27.48;17.15;14.55
hz_1599059-PPT.jpg;38.15;28.47;22.21;22.91
hz_1599060-PPT.jpg;33.38;28.23;19.12;17.03
hz_1599434-PPT.jpg;36.7;28.71;15.77;21.77
hz_1599436-PPT.jpg;36.9;29.02;19.28;19.13
hz_1599438-PPT.jpg;35.94;28.58;21.89;15.09
hz_1599744-PPT.jpg;25.93;19.17;16.74;15.34
hz_1599880-PPT.jpg;29.85;24.76;13.59;16.89
hz_1599958-PPT.jpg;24.78;27.09;17.01;17.39
hz_1599992-PPT.jpg;30.09;26.63;17.86;16.81
hz_1599995-PPT.jpg;27.39;22.2;14.76;13.5
hz_1599996-PPT.jpg;30.4;25.09;17.22;16.17
hz_1599997-PPT.jpg;31.29;27.45;16.0;15.19
hz_1600092-PPT.jpg;25.59;20.16;16.86;14.43
hz_1600093-PPT.jpg;24.24;19.69;11.95;13.86
hz_5360671-PPT.jpg;32.37;27.49;18.6;17.68
hz_5360672-PPT.jpg;24.32;21.22;15.46;16.57
hz_5361215-PPT.jpg;31.15;26.28;16.23;13.3
hz_5506206-PPT.jpg;30.21;25.64;17.29;15.31
hz_5506207-PPT.jpg;23.58;22.9;17.33;18.26
hz_5511469-PPT.jpg;33.24;26.94;12.04;16.57
hz_5520223-PPT.jpg;29.78;27.51;11.0;21.17
hz_imagem_64.jpg;37.54;25.29;13.09;19.74
hz_imagem_68.jpg;25.26;23.3;16.67;15.58
sf_1222015-PPT.jpg;22.54;21.78;24.97;15.2
sf_1235063-PPT.jpg;23.39;22.45;19.15;13.62
sf_1235064-PPT.jpg;31.33;28.18;15.69;18.06
sf_1235135-PPT.jpg;27.45;23.09;11.79;11.52
sf_1320022-PPT.jpg;22.61;19.28;15.83;14.66
sf_1327032-PPT.jpg;28.65;25.19;17.72;17.56
sf_1327071-PPT.jpg;21.2;17.35;14.94;13.44
sf_1327072-PPT.jpg;23.88;23.17;18.64;20.58
sf_1327073-PPT.jpg;25.77;23.62;12.03;11.83
sf_1435040-PPT.jpg;25.01;20.64;19.75;20.44
sf_1435163-PPT.jpg;27.0;23.83;19.14;19.81
sf_1481171-PPT.jpg;24.37;18.04;14.55;13.72
sf_1599072-PPT.jpg;36.74;25.13;21.01;19.27
sf_1599073-PPT.jpg;33.61;25.77;21.02;17.32
sf_1599417-PPT.jpg;30.03;25.85;15.07;15.66
sf_1599418-PPT.jpg;21.68;16.1;14.28;12.98
sf_1599419-PPT.jpg;34.65;26.7;16.68;16.9
sf_1599420-PPT.jpg;19.76;18.89;15.71;12.54
sf_1599888-PPT.jpg;42.0;27.82;19.05;16.06
sf_1599889-PPT.jpg;41.99;27.85;17.53;16.57
sf_1599890-PPT.jpg;39.66;27.03;18.42;17.43
sf_1599891-PPT.jpg;35.9;26.34;16.84;15.38
sf_1599892-PPT.jpg;27.6;23.94;18.55;15.45
sf_1599893-PPT.jpg;28.73;23.37;17.92;12.03
sf_1599894-PPT.jpg;26.43;18.76;17.58;16.87
sf_1599998-PPT.jpg;33.56;25.63;18.41;16.78
sf_1599999-PPT.jpg;33.55;25.57;18.92;16.5
sf_1600000-PPT.jpg;32.9;26.9;18.17;16.36
sf_1600001-PPT.jpg;29.83;23.69;16.61;15.64
sf_1600003-PPT.jpg;31.04;26.27;19.87;16.45
sf_1600004-PPT.jpg;40.47;27.57;16.49;16.44
sf_1600005-PPT.jpg;26.43;20.34;11.99;11.53
sf_1600006-PPT.jpg;31.12;26.03;19.75;15.34
sf_1600007-PPT.jpg;26.7;21.15;15.81;11.88
sf_1600008-PPT.jpg;30.85;25.32;18.7;16.72
sf_1600009-PPT.jpg;27.84;26.23;11.73;11.56
sf_1600010-PPT.jpg;29.23;23.24;19.09;15.43
sf_1600011-PPT.jpg;37.09;28.17;21.62;21.54
sf_1600099-PPT.jpg;29.55;23.88;15.0;11.77
sf_1600101-PPT.jpg;30.98;27.81;13.84;18.81
sf_1600102-PPT.jpg;34.23;27.62;19.97;19.18
sf_1600133-PPT.jpg;27.38;25.2;17.05;13.22
sf_1600134-PPT.jpg;36.0;27.17;18.88;17.98
sf_1600135-PPT.jpg;34.71;28.34;17.35;14.94
sf_1673034-PPT.jpg;26.46;24.0;14.7;19.23
sf_1673042-PPT.jpg;25.21;22.04;20.51;16.95
sf_1858071-PPT.jpg;26.66;24.14;17.37;15.42
sf_1858074-PPT.jpg;25.03;22.08;14.43;17.41
sf_4387058-PPT.jpg;26.51;21.59;17.39;15.45
sf_5110009-PPT.jpg;22.88;17.77;11.93;17.8
sf_5360472-PPT.jpg;21.07;18.4;18.6;15.74
sf_5361210-PPT.jpg;24.82;21.09;18.12;22.37
sf_5367921-PPT.jpg;40.6;28.94;27.32;21.28
sf_5367922-PPT.jpg;34.75;28.1;20.73;21.32
sf_5367923-PPT.jpg;36.44;29.12;22.44;21.7
sf_5367924-PPT.jpg;34.43;28.85;21.86;21.59
sf_5383669-PPT.jpg;24.61;23.2;12.93;16.35
sf_5383670-PPT.jpg;25.86;19.21;17.67;14.46
sf_5438976-PPT.jpg;39.24;28.76;20.39;21.23
sf_5438977-PPT.jpg;37.71;28.65;24.1;16.29
sf_5438978-PPT.jpg;35.05;29.29;20.42;18.73
sf_5507023-PPT.jpg;28.76;24.63;18.04;16.87
sf_5507028-PPT.jpg;24.27;25.06;15.53;9.34
