Imagem;Q1;Q2;Q3;Q4;
hz_1224099-PPT.jpg;6.53;11.32;10.68;10.62
hz_1233154-PPT.jpg;4.57;5.11;11.65;9.11
hz_1234055-PPT.jpg;4.88;6.15;7.0;6.5
hz_1234223-PPT.jpg;2.72;4.8;6.41;7.62
hz_1235128-PPT.jpg;5.35;11.32;5.99;9.33
hz_1235134-PPT.jpg;3.35;3.85;8.36;6.95
hz_1235167-PPT.jpg;9.51;9.18;8.34;7.76
hz_1236191-PPT.jpg;4.76;4.45;8.76;6.54
hz_1242061-PPT.jpg;8.78;10.14;9.75;9.82
hz_1327005-PPT.jpg;18.27;3.51;9.81;7.08
hz_1327006-PPT.jpg;15.17;13.83;12.35;9.43
hz_1327007-PPT.jpg;19.65;15.48;11.6;9.96
hz_1327010-PPT.jpg;2.25;4.73;3.56;5.97
hz_1432033-PPT.jpg;7.14;7.68;10.95;8.07
hz_1435039-PPT.jpg;2.68;4.98;5.98;8.99
hz_1435044-PPT.jpg;5.69;7.92;3.51;11.63
hz_1435166-PPT.jpg;7.22;4.68;8.24;6.53
hz_1472066-PPT.jpg;3.85;4.75;4.23;7.36
hz_1472071-PPT.jpg;2.39;3.54;3.11;5.56
hz_1472072-PPT.jpg;5.52;4.26;5.3;6.8
hz_1481158-PPT.jpg;18.48;11.75;8.6;8.93
hz_1599051-PPT.jpg;4.38;8.33;7.12;6.47
hz_1599057-PPT.jpg;4.09;5.36;6.44;5.93
hz_1599059-PPT.jpg;6.47;8.52;9.71;9.49
hz_1599060-PPT.jpg;7.51;6.85;7.54;8.59
hz_1599434-PPT.jpg;6.29;6.77;7.82;8.71
hz_1599436-PPT.jpg;6.94;7.09;8.62;9.25
hz_1599438-PPT.jpg;7.44;5.93;8.38;6.65
hz_1599744-PPT.jpg;11.72;14.69;13.88;14.13
hz_1599880-PPT.jpg;11.02;9.63;7.11;10.09
hz_1599958-PPT.jpg;8.24;4.97;11.24;7.4
hz_1599992-PPT.jpg;4.79;4.13;4.86;7.84
hz_1599995-PPT.jpg;14.52;8.41;9.43;9.04
hz_1599996-PPT.jpg;5.05;8.88;11.01;8.93
hz_1599997-PPT.jpg;5.48;7.34;8.62;8.96
hz_1600092-PPT.jpg;5.91;5.43;6.27;5.74
hz_1600093-PPT.jpg;6.88;7.25;8.44;12.28
hz_5360671-PPT.jpg;6.12;9.43;11.95;12.16
hz_5360672-PPT.jpg;7.13;7.7;10.55;6.13
hz_5361215-PPT.jpg;4.42;3.9;9.76;7.06
hz_5506206-PPT.jpg;6.5;11.91;7.74;10.53
hz_5506207-PPT.jpg;8.04;6.98;6.9;11.19
hz_5511469-PPT.jpg;3.07;5.43;5.69;10.06
hz_5520223-PPT.jpg;3.14;8.31;6.93;10.64
hz_imagem_64.jpg;2.43;4.31;5.7;10.59
hz_imagem_68.jpg;6.41;7.58;6.56;6.93
sf_1222015-PPT.jpg;6.11;8.27;14.68;10.82
sf_1235063-PPT.jpg;5.78;5.46;6.47;7.07
sf_1235064-PPT.jpg;5.31;6.86;7.09;7.92
sf_1235135-PPT.jpg;4.69;6.58;6.48;7.05
sf_1320022-PPT.jpg;8.25;7.42;7.24;10.25
sf_1327032-PPT.jpg;3.29;5.5;5.35;7.73
sf_1327071-PPT.jpg;12.63;17.11;11.12;13.67
sf_1327072-PPT.jpg;4.53;7.03;8.37;10.06
sf_1327073-PPT.jpg;6.75;5.61;6.16;7.28
sf_1435040-PPT.jpg;9.85;12.06;2.99;5.12
sf_1435163-PPT.jpg;7.67;9.36;8.01;9.56
sf_1481171-PPT.jpg;14.7;14.27;9.49;10.94
sf_1599072-PPT.jpg;12.8;9.99;10.65;8.16
sf_1599073-PPT.jpg;6.59;9.96;7.43;8.05
sf_1599417-PPT.jpg;5.09;4.45;5.73;7.77
sf_1599418-PPT.jpg;19.53;18.44;11.15;10.36
sf_1599419-PPT.jpg;11.32;6.94;11.79;8.15
sf_1599420-PPT.jpg;6.22;8.5;8.42;8.16
sf_1599888-PPT.jpg;3.36;5.46;5.97;6.77
sf_1599889-PPT.jpg;3.36;5.46;6.0;6.73
sf_1599890-PPT.jpg;3.27;5.41;6.7;7.82
sf_1599891-PPT.jpg;3.05;3.48;6.08;8.91
sf_1599892-PPT.jpg;4.64;4.91;7.37;6.88
sf_1599893-PPT.jpg;5.53;10.9;13.52;8.84
sf_1599894-PPT.jpg;16.56;15.49;15.97;11.08
sf_1599998-PPT.jpg;5.8;4.83;8.01;5.81
sf_1599999-PPT.jpg;5.8;4.82;8.26;5.73
sf_1600000-PPT.jpg;2.71;4.93;5.52;7.03
sf_1600001-PPT.jpg;8.51;12.58;7.46;9.7
sf_1600003-PPT.jpg;3.27;4.1;5.66;8.52
sf_1600004-PPT.jpg;16.88;11.72;10.72;7.66
sf_1600005-PPT.jpg;13.76;14.8;8.53;9.75
sf_1600006-PPT.jpg;3.27;4.09;5.32;8.2
sf_1600007-PPT.jpg;4.18;2.99;7.41;5.23
sf_1600008-PPT.jpg;8.43;8.44;11.55;11.45
sf_1600009-PPT.jpg;4.94;6.94;5.56;6.93
sf_1600010-PPT.jpg;4.54;6.9;4.52;7.37
sf_1600011-PPT.jpg;5.64;6.35;8.99;7.88
sf_1600099-PPT.jpg;1.9;3.64;6.26;6.42
sf_1600101-PPT.jpg;2.69;4.47;7.61;9.25
sf_1600102-PPT.jpg;4.64;6.46;7.18;7.5
sf_1600133-PPT.jpg;7.48;16.02;9.83;10.82
sf_1600134-PPT.jpg;7.4;8.71;8.65;11.22
sf_1600135-PPT.jpg;5.01;4.68;6.62;5.43
sf_1673034-PPT.jpg;8.5;6.25;10.96;6.67
sf_1673042-PPT.jpg;13.62;11.28;11.05;10.62
sf_1858071-PPT.jpg;8.79;9.31;13.7;8.01
sf_1858074-PPT.jpg;7.4;9.25;10.69;9.06
sf_4387058-PPT.jpg;4.62;12.16;13.86;11.61
sf_5110009-PPT.jpg;13.38;11.31;8.33;8.3
sf_5360472-PPT.jpg;8.2;15.42;10.3;15.14
sf_5361210-PPT.jpg;9.22;7.77;13.17;9.26
sf_5367921-PPT.jpg;5.83;6.76;7.43;7.83
sf_5367922-PPT.jpg;5.31;6.34;7.32;7.7
sf_5367923-PPT.jpg;5.03;6.09;7.32;7.35
sf_5367924-PPT.jpg;5.66;7.4;8.28;9.1
sf_5383669-PPT.jpg;1.21;8.24;4.73;6.4
sf_5383670-PPT.jpg;2.99;3.36;4.52;5.9
sf_5438976-PPT.jpg;7.36;8.61;6.78;8.12
sf_5438977-PPT.jpg;6.8;6.28;9.03;9.73
sf_5438978-PPT.jpg;6.9;8.11;9.17;9.42
sf_5507023-PPT.jpg;3.07;4.45;3.28;4.62
sf_5507028-PPT.jpg;8.82;5.47;10.95;6.69
