Imagem;Q1;Q2;Q3;Q4;
hz_1224099-PPT.jpg;18.27;12.34;10.57;9.29
hz_1233154-PPT.jpg;25.29;13.37;10.6;9.4
hz_1234055-PPT.jpg;28.32;13.21;10.53;9.42
hz_1234223-PPT.jpg;24.47;13.56;11.0;9.3
hz_1235128-PPT.jpg;20.1;13.06;10.52;10.75
hz_1235134-PPT.jpg;30.25;13.97;10.74;9.57
hz_1235167-PPT.jpg;27.06;13.2;10.62;9.73
hz_1236191-PPT.jpg;18.76;13.59;11.2;9.8
hz_1242061-PPT.jpg;20.03;13.3;10.8;10.04
hz_1327005-PPT.jpg;23.03;14.41;10.34;9.86
hz_1327006-PPT.jpg;25.56;15.74;8.99;9.72
hz_1327007-PPT.jpg;25.06;15.53;9.09;9.26
hz_1327010-PPT.jpg;20.45;13.07;11.53;9.66
hz_1432033-PPT.jpg;27.58;13.25;11.24;9.51
hz_1435039-PPT.jpg;22.75;13.74;11.31;9.79
hz_1435044-PPT.jpg;21.64;13.81;11.82;9.84
hz_1435166-PPT.jpg;20.47;13.35;12.29;9.96
hz_1472066-PPT.jpg;21.61;13.65;11.72;9.86
hz_1472071-PPT.jpg;24.31;14.05;12.6;10.27
hz_1472072-PPT.jpg;21.19;13.71;10.77;9.68
hz_1481158-PPT.jpg;19.9;14.33;11.35;10.25
hz_1599051-PPT.jpg;24.57;13.52;11.22;9.87
hz_1599057-PPT.jpg;28.27;13.37;11.03;9.95
hz_1599059-PPT.jpg;29.28;13.29;10.57;10.06
hz_1599060-PPT.jpg;25.32;13.25;10.81;9.46
hz_1599434-PPT.jpg;28.85;13.28;10.23;10.11
hz_1599436-PPT.jpg;29.57;13.13;10.64;9.68
hz_1599438-PPT.jpg;28.03;13.32;11.05;10.2
hz_1599744-PPT.jpg;25.49;14.9;11.6;11.56
hz_1599880-PPT.jpg;24.6;13.48;10.22;9.55
hz_1599958-PPT.jpg;20.93;13.31;11.33;9.76
hz_1599992-PPT.jpg;22.58;13.97;11.29;9.49
hz_1599995-PPT.jpg;22.41;13.62;9.72;9.45
hz_1599996-PPT.jpg;23.93;13.45;11.18;9.88
hz_1599997-PPT.jpg;23.94;13.14;10.47;9.96
hz_1600092-PPT.jpg;21.35;14.34;10.01;9.77
hz_1600093-PPT.jpg;18.72;13.93;9.44;10.97
hz_5360671-PPT.jpg;24.18;13.29;11.33;10.91
hz_5360672-PPT.jpg;20.52;13.8;11.54;10.02
hz_5361215-PPT.jpg;24.74;14.08;10.12;9.99
hz_5506206-PPT.jpg;22.79;14.06;11.13;9.91
hz_5506207-PPT.jpg;18.68;12.57;10.36;10.18
hz_5511469-PPT.jpg;24.5;13.27;9.41;9.05
hz_5520223-PPT.jpg;24.79;13.33;8.78;9.93
hz_imagem_64.jpg;21.97;13.36;8.64;10.24
hz_imagem_68.jpg;23.93;12.98;10.24;9.77
sf_1222015-PPT.jpg;19.29;13.92;11.83;10.13
sf_1235063-PPT.jpg;22.71;13.37;11.0;9.95
sf_1235064-PPT.jpg;18.8;12.64;9.14;9.02
sf_1235135-PPT.jpg;23.33;14.39;10.02;9.33
sf_1320022-PPT.jpg;19.79;13.36;10.84;9.84
sf_1327032-PPT.jpg;20.61;12.56;10.76;9.06
sf_1327071-PPT.jpg;13.85;12.34;8.59;8.88
sf_1327072-PPT.jpg;21.59;12.97;10.58;10.24
sf_1327073-PPT.jpg;21.03;13.57;10.06;9.18
sf_1435040-PPT.jpg;21.08;14.18;12.92;10.91
sf_1435163-PPT.jpg;30.11;13.2;10.49;9.97
sf_1481171-PPT.jpg;20.44;14.85;10.81;10.56
sf_1599072-PPT.jpg;19.74;12.41;9.9;9.63
sf_1599073-PPT.jpg;27.15;13.87;10.99;9.32
sf_1599417-PPT.jpg;25.0;14.0;9.92;9.32
sf_1599418-PPT.jpg;19.13;14.93;10.63;10.71
sf_1599419-PPT.jpg;22.15;12.8;11.03;10.18
sf_1599420-PPT.jpg;17.33;12.27;9.92;8.22
sf_1599888-PPT.jpg;33.37;13.36;10.78;9.81
sf_1599889-PPT.jpg;33.35;13.38;10.8;9.98
sf_1599890-PPT.jpg;31.66;13.46;10.69;9.77
sf_1599891-PPT.jpg;28.64;14.07;10.68;10.14
sf_1599892-PPT.jpg;24.78;13.52;10.56;10.07
sf_1599893-PPT.jpg;22.48;14.53;10.0;9.37
sf_1599894-PPT.jpg;20.76;14.38;12.06;10.07
sf_1599998-PPT.jpg;20.98;12.65;10.34;10.09
sf_1599999-PPT.jpg;23.12;13.04;10.48;9.99
sf_1600000-PPT.jpg;23.39;13.72;11.58;9.86
sf_1600001-PPT.jpg;22.81;14.01;10.61;10.16
sf_1600003-PPT.jpg;23.35;13.68;11.02;9.22
sf_1600004-PPT.jpg;35.31;13.64;10.65;9.89
sf_1600005-PPT.jpg;24.97;14.75;9.0;8.5
sf_1600006-PPT.jpg;22.52;13.61;11.3;9.02
sf_1600007-PPT.jpg;22.73;14.42;10.49;9.37
sf_1600008-PPT.jpg;22.3;13.56;11.31;10.49
sf_1600009-PPT.jpg;20.76;12.99;9.46;8.23
sf_1600010-PPT.jpg;23.69;13.48;11.14;10.29
sf_1600011-PPT.jpg;31.46;13.2;10.42;10.06
sf_1600099-PPT.jpg;21.14;13.9;11.87;9.21
sf_1600101-PPT.jpg;23.9;13.75;9.79;9.41
sf_1600102-PPT.jpg;26.05;13.11;11.15;9.99
sf_1600133-PPT.jpg;20.52;15.63;10.52;10.9
sf_1600134-PPT.jpg;30.08;13.05;10.98;10.65
sf_1600135-PPT.jpg;29.58;13.56;10.58;10.52
sf_1673034-PPT.jpg;20.52;12.32;10.29;10.28
sf_1673042-PPT.jpg;21.61;13.26;11.3;10.21
sf_1858071-PPT.jpg;23.93;13.17;12.29;9.86
sf_1858074-PPT.jpg;21.89;13.2;10.56;10.08
sf_4387058-PPT.jpg;21.49;14.63;12.41;11.01
sf_5110009-PPT.jpg;20.14;14.3;10.16;10.06
sf_5360472-PPT.jpg;17.64;14.89;10.65;10.89
sf_5361210-PPT.jpg;19.18;12.97;11.29;10.21
sf_5367921-PPT.jpg;32.92;13.13;10.79;9.99
sf_5367922-PPT.jpg;15.33;11.19;9.26;9.65
sf_5367923-PPT.jpg;30.06;13.18;10.9;10.13
sf_5367924-PPT.jpg;27.65;13.08;10.93;10.09
sf_5383669-PPT.jpg;23.85;12.92;10.33;9.57
sf_5383670-PPT.jpg;23.46;14.01;10.43;9.71
sf_5438976-PPT.jpg;33.33;13.15;10.94;9.78
sf_5438977-PPT.jpg;28.84;13.29;10.78;9.4
sf_5438978-PPT.jpg;28.53;13.16;11.0;9.64
sf_5507023-PPT.jpg;23.11;13.46;12.39;10.59
sf_5507028-PPT.jpg;19.22;12.95;10.56;9.51
