Imagem;Q1;Q2;Q3;Q4;
hz_1224099-PPT.jpg;7.69;11.48;10.85;10.88
hz_1233154-PPT.jpg;4.86;5.12;11.89;8.9
hz_1234055-PPT.jpg;5.12;6.31;6.91;6.12
hz_1234223-PPT.jpg;3.0;4.96;6.65;7.07
hz_1235128-PPT.jpg;6.07;11.53;6.13;9.25
hz_1235134-PPT.jpg;3.53;3.9;8.58;6.91
hz_1235167-PPT.jpg;10.14;9.44;8.39;6.74
hz_1236191-PPT.jpg;5.43;5.03;8.74;6.63
hz_1242061-PPT.jpg;9.43;10.25;10.56;9.7
hz_1327005-PPT.jpg;22.05;3.72;9.38;7.27
hz_1327006-PPT.jpg;17.83;15.3;11.86;8.91
hz_1327007-PPT.jpg;22.38;16.85;11.18;9.98
hz_1327010-PPT.jpg;2.41;5.01;3.55;5.57
hz_1432033-PPT.jpg;7.57;8.0;11.43;8.07
hz_1435039-PPT.jpg;3.05;5.27;6.24;9.43
hz_1435044-PPT.jpg;6.57;8.3;3.61;9.92
hz_1435166-PPT.jpg;7.91;5.4;8.52;6.84
hz_1472066-PPT.jpg;4.45;4.93;4.67;6.53
hz_1472071-PPT.jpg;2.57;3.63;3.14;5.18
hz_1472072-PPT.jpg;6.33;4.35;5.46;7.17
hz_1481158-PPT.jpg;24.09;12.63;8.29;9.4
hz_1599051-PPT.jpg;4.82;8.99;7.18;6.43
hz_1599057-PPT.jpg;4.45;5.52;7.12;6.31
hz_1599059-PPT.jpg;6.8;8.84;9.36;9.25
hz_1599060-PPT.jpg;8.03;7.15;7.95;9.21
hz_1599434-PPT.jpg;6.78;6.91;9.36;9.01
hz_1599436-PPT.jpg;7.36;7.23;8.61;8.96
hz_1599438-PPT.jpg;7.83;6.06;7.47;6.94
hz_1599744-PPT.jpg;12.34;16.47;14.76;15.2
hz_1599880-PPT.jpg;11.98;10.44;7.33;9.89
hz_1599958-PPT.jpg;9.1;5.06;11.14;7.1
hz_1599992-PPT.jpg;5.11;4.5;4.84;7.5
hz_1599995-PPT.jpg;15.85;9.61;10.21;9.06
hz_1599996-PPT.jpg;5.48;9.78;11.45;9.12
hz_1599997-PPT.jpg;6.0;7.46;8.53;8.83
hz_1600092-PPT.jpg;6.42;6.01;5.94;5.07
hz_1600093-PPT.jpg;8.04;8.2;8.63;12.68
hz_5360671-PPT.jpg;6.46;9.52;12.13;11.47
hz_5360672-PPT.jpg;7.99;8.73;11.62;5.92
hz_5361215-PPT.jpg;4.72;4.0;9.72;6.5
hz_5506206-PPT.jpg;7.08;12.56;7.42;10.16
hz_5506207-PPT.jpg;8.98;7.26;7.01;11.05
hz_5511469-PPT.jpg;3.39;5.62;6.1;10.65
hz_5520223-PPT.jpg;3.35;8.59;7.08;10.64
hz_imagem_64.jpg;2.83;4.62;5.62;10.6
hz_imagem_68.jpg;6.69;7.8;6.65;6.83
sf_1222015-PPT.jpg;7.53;9.5;14.64;11.83
sf_1235063-PPT.jpg;6.06;5.55;6.42;7.03
sf_1235064-PPT.jpg;5.57;7.09;7.19;7.63
sf_1235135-PPT.jpg;5.23;6.91;6.59;7.78
sf_1320022-PPT.jpg;9.65;8.01;6.99;8.33
sf_1327032-PPT.jpg;3.57;5.6;5.08;7.02
sf_1327071-PPT.jpg;13.33;17.72;11.66;12.71
sf_1327072-PPT.jpg;4.69;7.23;8.37;10.41
sf_1327073-PPT.jpg;8.09;6.38;5.47;7.45
sf_1435040-PPT.jpg;12.08;12.67;2.85;4.66
sf_1435163-PPT.jpg;8.16;9.6;8.51;9.11
sf_1481171-PPT.jpg;18.77;16.52;9.68;11.71
sf_1599072-PPT.jpg;14.22;10.45;10.92;8.26
sf_1599073-PPT.jpg;6.94;10.54;8.16;7.21
sf_1599417-PPT.jpg;5.42;4.71;6.08;6.95
sf_1599418-PPT.jpg;23.1;19.75;13.62;11.06
sf_1599419-PPT.jpg;12.53;7.25;11.89;8.65
sf_1599420-PPT.jpg;6.61;8.89;8.45;7.79
sf_1599888-PPT.jpg;3.48;5.61;6.31;6.33
sf_1599889-PPT.jpg;3.48;5.6;6.27;6.42
sf_1599890-PPT.jpg;3.46;5.62;6.76;7.14
sf_1599891-PPT.jpg;3.27;3.52;6.6;8.75
sf_1599892-PPT.jpg;4.89;5.05;7.3;6.86
sf_1599893-PPT.jpg;5.77;11.67;14.58;10.94
sf_1599894-PPT.jpg;19.32;16.51;15.94;12.51
sf_1599998-PPT.jpg;6.13;5.08;7.96;5.71
sf_1599999-PPT.jpg;6.13;5.08;8.36;5.58
sf_1600000-PPT.jpg;2.84;5.17;6.22;6.72
sf_1600001-PPT.jpg;9.19;13.73;7.23;10.24
sf_1600003-PPT.jpg;3.62;4.23;5.56;8.34
sf_1600004-PPT.jpg;17.46;11.95;10.26;6.84
sf_1600005-PPT.jpg;15.13;15.15;7.86;8.68
sf_1600006-PPT.jpg;3.62;4.22;5.17;8.04
sf_1600007-PPT.jpg;4.75;3.08;7.45;4.89
sf_1600008-PPT.jpg;9.83;9.29;12.05;11.8
sf_1600009-PPT.jpg;5.44;7.1;5.56;7.21
sf_1600010-PPT.jpg;4.96;7.52;4.52;7.65
sf_1600011-PPT.jpg;5.79;6.47;9.3;7.33
sf_1600099-PPT.jpg;2.07;3.83;6.61;6.05
sf_1600101-PPT.jpg;2.91;4.56;7.46;8.51
sf_1600102-PPT.jpg;4.9;6.63;7.34;7.25
sf_1600133-PPT.jpg;8.56;17.14;10.02;11.04
sf_1600134-PPT.jpg;7.62;8.84;8.57;11.0
sf_1600135-PPT.jpg;5.55;4.78;6.81;5.99
sf_1673034-PPT.jpg;8.94;6.61;11.12;6.55
sf_1673042-PPT.jpg;14.43;12.0;11.11;10.84
sf_1858071-PPT.jpg;9.62;9.64;13.05;8.25
sf_1858074-PPT.jpg;7.98;9.81;10.52;10.61
sf_4387058-PPT.jpg;5.23;13.25;14.55;12.28
sf_5110009-PPT.jpg;15.13;12.41;9.07;8.14
sf_5360472-PPT.jpg;9.34;16.78;10.79;13.8
sf_5361210-PPT.jpg;9.61;8.04;13.45;8.49
sf_5367921-PPT.jpg;5.86;6.78;7.26;8.21
sf_5367922-PPT.jpg;5.5;6.42;7.33;7.53
sf_5367923-PPT.jpg;5.1;6.13;7.78;7.03
sf_5367924-PPT.jpg;5.8;7.46;8.55;8.77
sf_5383669-PPT.jpg;1.52;8.68;5.43;6.26
sf_5383670-PPT.jpg;3.36;3.53;4.69;5.03
sf_5438976-PPT.jpg;7.61;8.69;6.79;7.69
sf_5438977-PPT.jpg;7.05;6.52;8.73;9.36
sf_5438978-PPT.jpg;7.14;8.16;9.97;9.17
sf_5507023-PPT.jpg;3.27;4.55;3.35;4.27
sf_5507028-PPT.jpg;10.06;5.57;9.97;6.13
