Nome Imagem;20;25;30;35;
hz_1224099-PPT.jpg;14.72;14.96;15.13;15.17;
hz_1233154-PPT.jpg;13.3;13.55;13.59;13.66;
hz_1234055-PPT.jpg;12.65;12.54;12.31;12.43;
hz_1234223-PPT.jpg;13.09;13.27;13.67;13.54;
hz_1235128-PPT.jpg;14.43;13.84;13.91;14.58;
hz_1235134-PPT.jpg;12.42;12.53;12.71;12.7;
hz_1235167-PPT.jpg;14.18;14.26;14.03;14.37;
hz_1236191-PPT.jpg;12.12;12.23;12.38;12.34;
hz_1242061-PPT.jpg;14.72;15.14;14.84;15.03;
hz_1327005-PPT.jpg;14.06;14.47;14.58;13.92;
hz_1327006-PPT.jpg;14.55;14.16;14.08;13.41;
hz_1327007-PPT.jpg;14.76;13.68;14.38;12.62;
hz_1327010-PPT.jpg;12.38;12.62;12.76;12.81;
hz_1432033-PPT.jpg;14.29;14.89;14.81;14.78;
hz_1435039-PPT.jpg;12.48;12.71;13.2;13.23;
hz_1435044-PPT.jpg;13.66;13.94;13.55;13.61;
hz_1435166-PPT.jpg;13.25;13.16;13.66;13.68;
hz_1472066-PPT.jpg;13.81;14.06;13.88;14.38;
hz_1472071-PPT.jpg;13.04;13.28;13.68;13.84;
hz_1472072-PPT.jpg;13.18;13.35;13.66;13.82;
hz_1481158-PPT.jpg;15.55;15.46;14.42;14.47;
hz_1599051-PPT.jpg;13.6;13.83;14.09;14.28;
hz_1599057-PPT.jpg;13.48;13.5;13.92;14.09;
hz_1599059-PPT.jpg;14.06;14.81;15.18;15.52;
hz_1599060-PPT.jpg;13.93;14.38;14.79;15.02;
hz_1599434-PPT.jpg;13.58;13.56;14.37;14.3;
hz_1599436-PPT.jpg;14.21;13.92;14.7;14.83;
hz_1599438-PPT.jpg;13.8;13.88;14.37;14.63;
hz_1599744-PPT.jpg;15.6;14.53;15.73;16.22;
hz_1599880-PPT.jpg;13.94;14.5;15.08;15.36;
hz_1599958-PPT.jpg;13.92;14.54;15.03;15.19;
hz_1599992-PPT.jpg;13.56;13.8;13.84;13.98;
hz_1599995-PPT.jpg;14.5;14.27;14.76;15.02;
hz_1599996-PPT.jpg;13.8;13.88;14.28;14.46;
hz_1599997-PPT.jpg;13.12;12.99;13.77;14.35;
hz_1600092-PPT.jpg;12.9;13.2;13.55;13.9;
hz_1600093-PPT.jpg;13.33;13.12;13.62;13.82;
hz_5360671-PPT.jpg;14.45;14.7;14.98;14.77;
hz_5360672-PPT.jpg;13.9;14.44;14.76;14.76;
hz_5361215-PPT.jpg;12.84;12.86;13.23;13.44;
hz_5506206-PPT.jpg;12.86;12.52;13.62;13.86;
hz_5506207-PPT.jpg;13.63;13.34;14.74;14.34;
hz_5511469-PPT.jpg;12.68;12.89;13.03;13.2;
hz_5520223-PPT.jpg;14.31;14.58;14.58;14.68;
hz_imagem_64.jpg;13.98;14.1;14.22;14.52;
hz_imagem_68.jpg;14.02;13.8;13.83;14.14;
sf_1222015-PPT.jpg;14.59;15.09;15.17;15.14;
sf_1235063-PPT.jpg;13.74;13.92;14.18;13.93;
sf_1235064-PPT.jpg;14.0;14.12;14.06;14.39;
sf_1235135-PPT.jpg;12.34;12.46;12.54;12.56;
sf_1320022-PPT.jpg;13.58;13.54;13.76;13.78;
sf_1327032-PPT.jpg;14.58;14.8;15.24;15.65;
sf_1327071-PPT.jpg;15.37;14.98;12.6;11.98;
sf_1327072-PPT.jpg;15.05;14.88;14.52;14.16;
sf_1327073-PPT.jpg;11.76;12.07;12.32;12.37;
sf_1435040-PPT.jpg;16.71;16.99;16.27;16.14;
sf_1435163-PPT.jpg;14.25;14.83;15.17;15.29;
sf_1481171-PPT.jpg;15.39;15.0;14.08;14.21;
sf_1599072-PPT.jpg;11.9;12.55;14.26;14.36;
sf_1599073-PPT.jpg;12.72;13.1;13.26;13.07;
sf_1599417-PPT.jpg;12.62;12.92;12.74;13.08;
sf_1599418-PPT.jpg;14.64;14.59;15.09;15.2;
sf_1599419-PPT.jpg;14.96;14.7;15.71;16.23;
sf_1599420-PPT.jpg;12.19;12.6;12.59;13.08;
sf_1599888-PPT.jpg;13.26;13.62;14.04;14.36;
sf_1599889-PPT.jpg;13.25;13.6;14.0;14.41;
sf_1599890-PPT.jpg;13.28;13.54;13.92;14.19;
sf_1599891-PPT.jpg;12.51;12.67;13.03;13.21;
sf_1599892-PPT.jpg;14.13;14.23;14.56;14.76;
sf_1599893-PPT.jpg;13.48;13.6;13.76;13.9;
sf_1599894-PPT.jpg;15.78;15.29;16.36;16.51;
sf_1599998-PPT.jpg;14.0;14.2;14.58;14.75;
sf_1599999-PPT.jpg;14.11;14.24;14.6;14.75;
sf_1600000-PPT.jpg;12.9;12.96;13.09;13.16;
sf_1600001-PPT.jpg;14.0;14.05;14.3;14.57;
sf_1600003-PPT.jpg;13.15;13.33;13.7;13.76;
sf_1600004-PPT.jpg;14.46;14.7;15.55;16.29;
sf_1600005-PPT.jpg;13.02;13.11;13.33;14.19;
sf_1600006-PPT.jpg;13.11;13.39;13.7;13.73;
sf_1600007-PPT.jpg;12.38;12.52;12.79;12.92;
sf_1600008-PPT.jpg;15.1;15.09;15.16;15.39;
sf_1600009-PPT.jpg;12.51;12.7;12.95;12.91;
sf_1600010-PPT.jpg;12.89;13.13;13.18;13.5;
sf_1600011-PPT.jpg;14.2;14.65;14.9;14.91;
sf_1600099-PPT.jpg;11.63;11.82;12.08;12.15;
sf_1600101-PPT.jpg;12.9;13.29;13.41;13.45;
sf_1600102-PPT.jpg;13.93;14.17;14.44;14.88;
sf_1600133-PPT.jpg;13.69;13.87;13.75;13.41;
sf_1600134-PPT.jpg;12.38;12.12;12.68;12.24;
sf_1600135-PPT.jpg;13.78;13.86;14.28;14.57;
sf_1673034-PPT.jpg;14.89;15.02;15.1;15.34;
sf_1673042-PPT.jpg;15.28;15.54;15.9;16.1;
sf_1858071-PPT.jpg;14.19;14.15;14.36;14.5;
sf_1858074-PPT.jpg;14.97;15.13;15.23;15.34;
sf_4387058-PPT.jpg;14.88;14.98;15.08;15.11;
sf_5110009-PPT.jpg;15.11;15.38;15.46;15.81;
sf_5360472-PPT.jpg;15.3;15.43;16.05;15.34;
sf_5361210-PPT.jpg;14.95;15.49;15.85;16.01;
sf_5367921-PPT.jpg;12.4;12.97;13.2;13.26;
sf_5367922-PPT.jpg;14.5;14.83;15.5;15.56;
sf_5367923-PPT.jpg;13.65;14.18;14.6;14.53;
sf_5367924-PPT.jpg;12.32;12.41;13.42;13.4;
sf_5383669-PPT.jpg;12.9;13.02;13.2;13.32;
sf_5383670-PPT.jpg;12.0;12.09;12.54;12.62;
sf_5438976-PPT.jpg;12.85;14.17;13.95;13.32;
sf_5438977-PPT.jpg;12.55;12.69;13.44;12.89;
sf_5438978-PPT.jpg;13.43;14.91;14.74;13.91;
sf_5507023-PPT.jpg;14.14;14.59;14.86;14.92;
sf_5507028-PPT.jpg;11.82;11.98;12.16;12.31;
