Imagem;Q1;Q2;Q3;Q4;
hz_1224099-PPT.jpg;6.82;11.38;10.71;10.57
hz_1233154-PPT.jpg;4.6;5.11;11.69;9.18
hz_1234055-PPT.jpg;4.92;6.16;7.08;6.37
hz_1234223-PPT.jpg;2.75;4.83;6.42;7.39
hz_1235128-PPT.jpg;5.53;11.35;6.1;9.3
hz_1235134-PPT.jpg;3.38;3.86;8.34;6.82
hz_1235167-PPT.jpg;9.57;9.29;8.43;7.49
hz_1236191-PPT.jpg;4.96;4.5;8.75;6.47
hz_1242061-PPT.jpg;9.0;10.16;10.03;9.64
hz_1327005-PPT.jpg;19.13;3.54;9.6;7.3
hz_1327006-PPT.jpg;15.37;13.94;11.99;9.25
hz_1327007-PPT.jpg;19.9;15.6;11.77;10.01
hz_1327010-PPT.jpg;2.28;4.78;3.56;5.91
hz_1432033-PPT.jpg;7.21;7.72;10.96;8.11
hz_1435039-PPT.jpg;2.74;5.04;6.28;9.18
hz_1435044-PPT.jpg;5.83;7.96;3.51;11.53
hz_1435166-PPT.jpg;7.43;4.74;8.51;6.54
hz_1472066-PPT.jpg;3.88;4.77;4.24;7.38
hz_1472071-PPT.jpg;2.43;3.57;3.08;5.52
hz_1472072-PPT.jpg;5.61;4.28;5.29;6.82
hz_1481158-PPT.jpg;19.44;11.89;8.92;8.87
hz_1599051-PPT.jpg;4.48;8.42;7.35;6.58
hz_1599057-PPT.jpg;4.16;5.39;6.48;6.09
hz_1599059-PPT.jpg;6.5;8.58;9.63;9.27
hz_1599060-PPT.jpg;7.61;6.88;7.49;8.71
hz_1599434-PPT.jpg;6.35;6.8;8.05;8.9
hz_1599436-PPT.jpg;7.08;7.11;8.6;9.25
hz_1599438-PPT.jpg;7.52;5.95;8.07;6.68
hz_1599744-PPT.jpg;11.81;15.05;13.92;14.49
hz_1599880-PPT.jpg;11.19;9.74;7.0;9.94
hz_1599958-PPT.jpg;8.46;4.98;11.19;7.36
hz_1599992-PPT.jpg;4.84;4.2;4.82;7.88
hz_1599995-PPT.jpg;14.94;8.75;9.53;9.46
hz_1599996-PPT.jpg;5.14;9.01;11.21;8.94
hz_1599997-PPT.jpg;5.58;7.35;8.67;8.98
hz_1600092-PPT.jpg;6.05;5.52;6.25;5.67
hz_1600093-PPT.jpg;7.07;7.4;8.45;12.64
hz_5360671-PPT.jpg;6.18;9.44;11.95;12.06
hz_5360672-PPT.jpg;7.32;7.77;10.71;5.95
hz_5361215-PPT.jpg;4.49;3.92;9.71;6.91
hz_5506206-PPT.jpg;6.63;12.01;7.7;10.53
hz_5506207-PPT.jpg;8.18;7.02;6.94;11.17
hz_5511469-PPT.jpg;3.11;5.45;5.83;10.49
hz_5520223-PPT.jpg;3.21;8.38;7.0;10.64
hz_imagem_64.jpg;2.47;4.37;5.76;10.63
hz_imagem_68.jpg;6.46;7.66;6.55;6.98
sf_1222015-PPT.jpg;6.35;8.32;14.67;10.88
sf_1235063-PPT.jpg;5.82;5.47;6.5;7.04
sf_1235064-PPT.jpg;5.41;6.94;7.15;7.84
sf_1235135-PPT.jpg;4.85;6.65;6.03;7.49
sf_1320022-PPT.jpg;8.51;7.51;7.49;9.84
sf_1327032-PPT.jpg;3.37;5.52;5.4;7.67
sf_1327071-PPT.jpg;12.87;17.22;11.18;13.58
sf_1327072-PPT.jpg;4.57;7.06;8.5;10.2
sf_1327073-PPT.jpg;7.04;5.69;6.31;7.42
sf_1435040-PPT.jpg;10.31;12.28;2.96;5.15
sf_1435163-PPT.jpg;7.77;9.4;8.13;9.45
sf_1481171-PPT.jpg;15.13;14.43;9.52;10.8
sf_1599072-PPT.jpg;13.23;10.1;10.66;8.19
sf_1599073-PPT.jpg;6.68;10.06;7.51;8.04
sf_1599417-PPT.jpg;5.15;4.49;5.7;7.74
sf_1599418-PPT.jpg;19.88;18.63;11.29;10.21
sf_1599419-PPT.jpg;11.49;7.0;11.65;8.11
sf_1599420-PPT.jpg;6.3;8.55;8.36;8.2
sf_1599888-PPT.jpg;3.38;5.49;6.0;6.7
sf_1599889-PPT.jpg;3.38;5.49;5.95;6.7
sf_1599890-PPT.jpg;3.29;5.45;6.67;7.87
sf_1599891-PPT.jpg;3.1;3.49;6.19;9.07
sf_1599892-PPT.jpg;4.68;4.94;7.39;6.87
sf_1599893-PPT.jpg;5.58;10.98;13.77;9.05
sf_1599894-PPT.jpg;17.02;15.6;16.35;11.25
sf_1599998-PPT.jpg;5.88;4.87;8.03;5.92
sf_1599999-PPT.jpg;5.88;4.85;8.39;5.8
sf_1600000-PPT.jpg;2.77;4.96;5.54;7.07
sf_1600001-PPT.jpg;8.61;12.86;7.34;9.6
sf_1600003-PPT.jpg;3.38;4.13;5.62;8.49
sf_1600004-PPT.jpg;16.93;11.78;10.64;7.33
sf_1600005-PPT.jpg;13.87;14.83;8.38;9.55
sf_1600006-PPT.jpg;3.38;4.12;5.27;8.14
sf_1600007-PPT.jpg;4.28;3.01;7.44;5.22
sf_1600008-PPT.jpg;8.67;8.63;11.7;11.36
sf_1600009-PPT.jpg;4.99;6.97;5.26;6.78
sf_1600010-PPT.jpg;4.63;7.01;4.54;7.39
sf_1600011-PPT.jpg;5.69;6.38;9.16;7.95
sf_1600099-PPT.jpg;1.95;3.66;6.19;6.67
sf_1600101-PPT.jpg;2.69;4.48;7.61;9.14
sf_1600102-PPT.jpg;4.7;6.5;7.16;7.51
sf_1600133-PPT.jpg;7.72;16.16;9.64;10.75
sf_1600134-PPT.jpg;7.45;8.74;8.52;11.24
sf_1600135-PPT.jpg;5.08;4.69;6.6;5.33
sf_1673034-PPT.jpg;8.61;6.3;11.03;6.63
sf_1673042-PPT.jpg;13.9;11.39;10.98;10.49
sf_1858071-PPT.jpg;9.01;9.41;13.46;7.89
sf_1858074-PPT.jpg;7.57;9.31;10.67;9.39
sf_4387058-PPT.jpg;4.72;12.3;13.89;11.54
sf_5110009-PPT.jpg;13.62;11.43;8.3;8.3
sf_5360472-PPT.jpg;8.41;15.6;10.44;15.06
sf_5361210-PPT.jpg;9.31;7.78;14.8;9.22
sf_5367921-PPT.jpg;5.83;6.77;7.37;7.81
sf_5367922-PPT.jpg;5.32;6.35;7.34;7.67
sf_5367923-PPT.jpg;5.04;6.1;7.38;7.33
sf_5367924-PPT.jpg;5.7;7.41;8.44;9.07
sf_5383669-PPT.jpg;1.26;8.3;4.86;6.37
sf_5383670-PPT.jpg;3.03;3.39;4.55;5.76
sf_5438976-PPT.jpg;7.42;8.63;6.93;7.88
sf_5438977-PPT.jpg;6.88;6.35;8.82;9.66
sf_5438978-PPT.jpg;6.97;8.12;9.22;9.53
sf_5507023-PPT.jpg;3.1;4.48;3.26;4.65
sf_5507028-PPT.jpg;8.97;5.49;10.76;6.72
