Imagem;Q1;Q2;Q3;Q4;
hz_1224099-PPT.jpg;7.19;11.45;10.7;11.01
hz_1233154-PPT.jpg;4.7;5.11;11.97;8.94
hz_1234055-PPT.jpg;4.98;6.2;7.25;6.1
hz_1234223-PPT.jpg;2.81;4.9;6.62;7.07
hz_1235128-PPT.jpg;5.78;11.42;6.18;9.16
hz_1235134-PPT.jpg;3.44;3.88;8.56;6.83
hz_1235167-PPT.jpg;9.71;9.36;8.39;7.25
hz_1236191-PPT.jpg;5.11;4.69;8.71;6.29
hz_1242061-PPT.jpg;9.14;10.2;10.27;9.59
hz_1327005-PPT.jpg;20.11;3.6;9.27;6.98
hz_1327006-PPT.jpg;16.69;14.28;12.01;9.35
hz_1327007-PPT.jpg;21.06;15.94;11.72;10.16
hz_1327010-PPT.jpg;2.35;4.85;3.61;5.85
hz_1432033-PPT.jpg;7.32;7.82;11.07;8.12
hz_1435039-PPT.jpg;2.83;5.16;6.41;9.5
hz_1435044-PPT.jpg;6.16;8.21;3.49;11.06
hz_1435166-PPT.jpg;7.66;4.87;8.32;6.62
hz_1472066-PPT.jpg;4.07;4.81;4.2;7.12
hz_1472071-PPT.jpg;2.45;3.6;3.12;5.45
hz_1472072-PPT.jpg;5.87;4.32;5.36;6.86
hz_1481158-PPT.jpg;21.0;11.97;8.49;8.7
hz_1599051-PPT.jpg;4.62;8.58;7.27;6.49
hz_1599057-PPT.jpg;4.26;5.43;6.63;6.19
hz_1599059-PPT.jpg;6.64;8.65;9.56;9.05
hz_1599060-PPT.jpg;7.71;6.92;7.52;8.63
hz_1599434-PPT.jpg;6.4;6.83;9.32;9.25
hz_1599436-PPT.jpg;7.17;7.17;8.6;9.2
hz_1599438-PPT.jpg;7.63;5.98;7.8;6.66
hz_1599744-PPT.jpg;12.07;15.62;13.98;14.48
hz_1599880-PPT.jpg;11.4;9.97;7.12;9.85
hz_1599958-PPT.jpg;8.74;5.02;11.29;7.25
hz_1599992-PPT.jpg;4.98;4.37;4.83;7.85
hz_1599995-PPT.jpg;15.56;9.21;9.34;9.17
hz_1599996-PPT.jpg;5.33;9.26;11.07;8.92
hz_1599997-PPT.jpg;5.71;7.39;8.69;9.08
hz_1600092-PPT.jpg;6.18;5.64;6.42;5.67
hz_1600093-PPT.jpg;7.51;7.65;8.35;13.01
hz_5360671-PPT.jpg;6.24;9.47;12.16;11.57
hz_5360672-PPT.jpg;7.55;7.98;11.07;6.2
hz_5361215-PPT.jpg;4.59;3.93;9.67;6.85
hz_5506206-PPT.jpg;6.73;12.14;7.76;10.47
hz_5506207-PPT.jpg;8.42;7.12;6.89;11.33
hz_5511469-PPT.jpg;3.25;5.5;5.32;10.92
hz_5520223-PPT.jpg;3.23;8.46;6.99;10.67
hz_imagem_64.jpg;2.54;4.4;5.72;10.68
hz_imagem_68.jpg;6.56;7.73;6.56;6.92
sf_1222015-PPT.jpg;6.64;8.62;14.71;11.19
sf_1235063-PPT.jpg;5.93;5.5;6.5;7.02
sf_1235064-PPT.jpg;5.47;7.01;7.24;7.8
sf_1235135-PPT.jpg;4.92;6.7;5.92;7.34
sf_1320022-PPT.jpg;8.92;7.73;7.43;9.19
sf_1327032-PPT.jpg;3.48;5.58;5.65;7.51
sf_1327071-PPT.jpg;13.17;17.44;11.33;13.52
sf_1327072-PPT.jpg;4.65;7.13;8.63;10.24
sf_1327073-PPT.jpg;7.32;5.76;6.18;7.49
sf_1435040-PPT.jpg;11.29;12.52;2.99;5.02
sf_1435163-PPT.jpg;7.85;9.48;8.2;9.24
sf_1481171-PPT.jpg;16.13;14.77;9.53;11.05
sf_1599072-PPT.jpg;13.52;10.21;10.64;8.07
sf_1599073-PPT.jpg;6.78;10.23;7.69;7.69
sf_1599417-PPT.jpg;5.28;4.57;5.81;7.49
sf_1599418-PPT.jpg;20.57;19.01;12.44;10.18
sf_1599419-PPT.jpg;11.61;7.09;11.57;8.33
sf_1599420-PPT.jpg;6.44;8.61;8.24;8.13
sf_1599888-PPT.jpg;3.44;5.54;6.12;6.48
sf_1599889-PPT.jpg;3.44;5.54;6.06;6.55
sf_1599890-PPT.jpg;3.34;5.52;6.69;7.63
sf_1599891-PPT.jpg;3.17;3.5;6.46;9.03
sf_1599892-PPT.jpg;4.75;4.99;7.21;6.99
sf_1599893-PPT.jpg;5.67;11.08;14.16;9.55
sf_1599894-PPT.jpg;17.56;15.78;16.55;11.62
sf_1599998-PPT.jpg;5.94;4.9;8.08;5.9
sf_1599999-PPT.jpg;5.94;4.89;8.41;5.78
sf_1600000-PPT.jpg;2.77;5.02;5.85;6.63
sf_1600001-PPT.jpg;8.71;13.18;7.27;9.48
sf_1600003-PPT.jpg;3.52;4.15;5.56;8.3
sf_1600004-PPT.jpg;17.07;11.84;10.08;7.11
sf_1600005-PPT.jpg;14.13;14.88;8.13;9.17
sf_1600006-PPT.jpg;3.52;4.14;5.21;8.06
sf_1600007-PPT.jpg;4.39;3.04;7.34;5.2
sf_1600008-PPT.jpg;9.06;8.73;11.72;11.51
sf_1600009-PPT.jpg;5.1;7.05;5.76;6.67
sf_1600010-PPT.jpg;4.7;7.1;4.49;7.28
sf_1600011-PPT.jpg;5.74;6.41;9.24;7.83
sf_1600099-PPT.jpg;1.95;3.71;6.87;6.21
sf_1600101-PPT.jpg;2.79;4.51;7.79;8.79
sf_1600102-PPT.jpg;4.75;6.55;7.28;7.43
sf_1600133-PPT.jpg;7.99;16.49;9.72;10.92
sf_1600134-PPT.jpg;7.54;8.78;8.54;11.12
sf_1600135-PPT.jpg;5.38;4.72;6.62;5.32
sf_1673034-PPT.jpg;8.68;6.35;10.93;6.66
sf_1673042-PPT.jpg;14.08;11.65;11.0;10.79
sf_1858071-PPT.jpg;9.28;9.5;13.2;7.81
sf_1858074-PPT.jpg;7.73;9.58;10.74;9.77
sf_4387058-PPT.jpg;4.98;12.52;14.04;11.73
sf_5110009-PPT.jpg;14.06;11.61;8.46;8.15
sf_5360472-PPT.jpg;8.81;15.93;10.57;14.75
sf_5361210-PPT.jpg;9.41;7.91;13.88;9.1
sf_5367921-PPT.jpg;5.84;6.77;7.07;7.81
sf_5367922-PPT.jpg;5.36;6.37;7.32;7.71
sf_5367923-PPT.jpg;5.07;6.11;7.56;7.21
sf_5367924-PPT.jpg;5.77;7.43;8.58;8.92
sf_5383669-PPT.jpg;1.32;8.42;4.98;6.33
sf_5383670-PPT.jpg;3.1;3.43;4.6;5.57
sf_5438976-PPT.jpg;7.53;8.66;6.84;7.78
sf_5438977-PPT.jpg;6.95;6.39;8.84;9.45
sf_5438978-PPT.jpg;7.07;8.14;9.37;9.32
sf_5507023-PPT.jpg;3.18;4.51;3.29;4.55
sf_5507028-PPT.jpg;9.42;5.53;10.44;6.37
