Imagem;Q1;Q2;Q3;Q4;
hz_1224099-PPT.jpg;33.09;28.93;22.61;23.51
hz_1234055-PPT.jpg;34.67;28.87;24.13;23.8
hz_1234223-PPT.jpg;31.17;27.05;23.54;23.91
hz_1235128-PPT.jpg;29.88;26.73;24.24;22.54
hz_1235134-PPT.jpg;36.22;28.72;23.99;24.91
hz_1235167-PPT.jpg;31.71;25.94;21.47;20.72
hz_1236191-PPT.jpg;26.82;23.56;20.52;20.19
hz_1242061-PPT.jpg;27.42;30.25;24.28;20.43
hz_1327005-PPT.jpg;31.0;23.65;21.66;21.22
hz_1327006-PPT.jpg;38.41;20.85;18.61;17.88
hz_1327007-PPT.jpg;37.64;21.02;18.98;18.55
hz_1327010-PPT.jpg;29.7;25.62;19.89;17.95
hz_1432033-PPT.jpg;34.4;28.28;25.21;23.67
hz_1435039-PPT.jpg;30.35;25.53;21.82;21.37
hz_1435044-PPT.jpg;29.21;24.65;21.66;19.66
hz_1435166-PPT.jpg;28.35;22.93;20.77;18.06
hz_1472066-PPT.jpg;28.91;26.28;22.32;22.42
hz_1472071-PPT.jpg;30.72;25.16;21.31;19.19
hz_1472072-PPT.jpg;27.66;27.32;22.87;20.13
hz_1599057-PPT.jpg;33.72;27.87;24.27;25.01
hz_1599059-PPT.jpg;36.76;29.03;24.55;23.92
hz_1599060-PPT.jpg;32.15;28.59;22.92;24.17
hz_1599434-PPT.jpg;35.64;29.32;25.47;23.37
hz_1599436-PPT.jpg;35.71;29.96;24.23;24.02
hz_1599438-PPT.jpg;34.75;29.49;24.18;25.12
hz_1599880-PPT.jpg;29.04;24.49;21.99;21.6
hz_1599958-PPT.jpg;28.34;28.1;23.94;18.86
hz_1599992-PPT.jpg;29.47;26.34;23.73;20.93
hz_1599995-PPT.jpg;32.49;24.73;21.63;23.51
hz_1599996-PPT.jpg;30.03;25.19;22.38;20.24
hz_1599997-PPT.jpg;30.13;27.26;23.44;21.78
hz_1600092-PPT.jpg;28.57;23.24;20.88;20.77
hz_1600093-PPT.jpg;26.0;22.58;20.88;20.04
hz_5360671-PPT.jpg;32.31;28.83;22.87;20.91
hz_5360672-PPT.jpg;27.98;24.93;21.61;19.45
hz_5361215-PPT.jpg;30.01;26.46;22.93;22.39
hz_5506206-PPT.jpg;28.97;25.82;22.97;23.64
hz_5506207-PPT.jpg;29.43;27.56;23.47;22.59
hz_5511469-PPT.jpg;32.85;27.78;22.88;23.25
hz_5520223-PPT.jpg;30.11;27.89;22.92;20.7
hz_imagem_64.jpg;36.5;25.33;26.24;22.66
hz_imagem_68.jpg;30.74;26.63;24.16;22.58
sf_1235063-PPT.jpg;28.44;29.76;24.97;24.56
sf_1235064-PPT.jpg;29.7;28.83;24.78;24.79
sf_1235135-PPT.jpg;28.19;25.15;22.55;21.15
sf_1320022-PPT.jpg;28.41;22.6;22.29;21.44
sf_1327032-PPT.jpg;36.35;29.93;23.55;23.26
sf_1327071-PPT.jpg;34.1;22.94;22.65;22.64
sf_1327072-PPT.jpg;31.02;27.55;23.99;22.04
sf_1327073-PPT.jpg;28.03;24.51;19.0;20.82
sf_1435040-PPT.jpg;27.28;23.67;22.41;18.96
sf_1435163-PPT.jpg;34.61;26.64;24.85;23.7
sf_1481171-PPT.jpg;30.13;21.68;20.67;21.47
sf_1599072-PPT.jpg;35.82;25.3;24.41;22.52
sf_1599073-PPT.jpg;32.43;25.81;22.12;24.07
sf_1599417-PPT.jpg;31.04;25.0;19.74;21.31
sf_1599419-PPT.jpg;33.5;26.73;23.02;22.44
sf_1599420-PPT.jpg;33.86;28.1;23.2;24.87
sf_1599888-PPT.jpg;40.91;28.04;24.44;25.76
sf_1599889-PPT.jpg;40.93;28.07;24.36;25.73
sf_1599890-PPT.jpg;38.5;26.83;23.87;24.67
sf_1599891-PPT.jpg;34.52;26.37;24.23;24.03
sf_1599892-PPT.jpg;32.18;27.95;23.96;23.41
sf_1599893-PPT.jpg;27.37;23.05;18.65;17.76
sf_1599894-PPT.jpg;31.47;22.15;19.02;17.34
sf_1599998-PPT.jpg;32.76;25.29;23.25;23.24
sf_1599999-PPT.jpg;32.78;25.25;23.15;23.32
sf_1600000-PPT.jpg;32.24;27.22;22.37;21.78
sf_1600001-PPT.jpg;30.27;23.37;21.27;21.84
sf_1600003-PPT.jpg;29.76;26.25;23.07;23.21
sf_1600004-PPT.jpg;39.67;27.78;22.38;21.92
sf_1600005-PPT.jpg;32.61;24.6;21.71;21.59
sf_1600006-PPT.jpg;29.76;26.46;22.98;23.23
sf_1600007-PPT.jpg;31.6;25.3;21.2;21.48
sf_1600008-PPT.jpg;30.16;26.12;21.62;20.62
sf_1600009-PPT.jpg;29.53;28.2;22.03;20.52
sf_1600010-PPT.jpg;29.86;23.85;20.72;19.36
sf_1600011-PPT.jpg;35.97;28.81;24.37;24.8
sf_1600099-PPT.jpg;30.1;25.64;22.09;21.14
sf_1600101-PPT.jpg;30.27;28.14;22.23;19.5
sf_1600102-PPT.jpg;32.86;27.61;23.99;24.13
sf_1600133-PPT.jpg;29.03;23.35;21.66;21.02
sf_1600134-PPT.jpg;34.97;27.07;24.74;23.76
sf_1600135-PPT.jpg;34.01;29.09;23.67;23.61
sf_1673034-PPT.jpg;34.79;25.06;23.03;22.19
sf_1858071-PPT.jpg;32.97;28.38;21.25;20.16
sf_1858074-PPT.jpg;32.23;27.63;20.64;19.44
sf_4387058-PPT.jpg;27.19;24.7;20.05;18.3
sf_5110009-PPT.jpg;30.33;22.09;22.29;19.77
sf_5360472-PPT.jpg;30.94;21.84;21.98;18.5
sf_5361210-PPT.jpg;29.57;24.88;22.64;19.28
sf_5367921-PPT.jpg;38.83;30.33;24.89;25.2
sf_5367922-PPT.jpg;33.49;28.65;24.9;24.65
sf_5367923-PPT.jpg;35.01;30.03;25.52;25.51
sf_5367924-PPT.jpg;33.19;29.57;25.26;25.68
sf_5438976-PPT.jpg;38.47;29.25;25.78;26.46
sf_5438977-PPT.jpg;36.65;29.3;25.35;25.55
sf_5438978-PPT.jpg;34.08;30.48;25.43;25.2
sf_5507023-PPT.jpg;30.34;26.85;21.92;19.93
sf_5507028-PPT.jpg;29.73;26.43;17.76;17.47
