Imagem;Q1;Q2;Q3;Q4;
hz_1224099-PPT.jpg;26.78;27.07;20.31;24.37
hz_1234055-PPT.jpg;28.41;27.84;22.55;23.4
hz_1234223-PPT.jpg;26.14;24.48;21.69;23.24
hz_1235128-PPT.jpg;24.85;25.66;23.17;22.14
hz_1235134-PPT.jpg;30.41;29.22;22.58;24.8
hz_1235167-PPT.jpg;27.13;22.3;20.22;19.17
hz_1236191-PPT.jpg;19.63;19.48;17.5;18.13
hz_1242061-PPT.jpg;20.46;32.27;22.3;17.89
hz_1327005-PPT.jpg;26.81;22.17;18.97;19.54
hz_1327006-PPT.jpg;30.72;19.56;17.62;16.89
hz_1327007-PPT.jpg;31.95;20.2;18.38;17.76
hz_1327010-PPT.jpg;23.54;21.82;17.96;17.82
hz_1432033-PPT.jpg;27.66;24.98;24.21;23.84
hz_1435039-PPT.jpg;24.48;21.73;19.75;20.46
hz_1435044-PPT.jpg;24.3;22.42;18.98;18.69
hz_1435166-PPT.jpg;21.9;18.66;17.56;17.33
hz_1472066-PPT.jpg;23.97;23.98;21.01;21.84
hz_1472071-PPT.jpg;25.27;22.15;19.38;18.94
hz_1472072-PPT.jpg;22.71;25.24;21.15;19.95
hz_1599057-PPT.jpg;28.36;24.98;22.28;24.95
hz_1599059-PPT.jpg;29.4;26.3;23.38;23.45
hz_1599060-PPT.jpg;25.37;25.76;21.47;22.92
hz_1599434-PPT.jpg;28.96;29.29;25.16;23.01
hz_1599436-PPT.jpg;29.71;28.51;23.12;23.77
hz_1599438-PPT.jpg;28.12;29.64;22.11;24.98
hz_1599880-PPT.jpg;24.64;21.25;20.29;20.31
hz_1599958-PPT.jpg;22.95;25.48;21.79;18.7
hz_1599992-PPT.jpg;23.97;24.08;22.71;21.03
hz_1599995-PPT.jpg;26.45;21.31;19.7;22.62
hz_1599996-PPT.jpg;24.38;21.4;20.39;19.4
hz_1599997-PPT.jpg;23.97;23.88;21.27;19.87
hz_1600092-PPT.jpg;22.68;20.61;18.04;18.69
hz_1600093-PPT.jpg;19.41;18.89;18.05;17.89
hz_5360671-PPT.jpg;26.21;28.63;22.16;20.73
hz_5360672-PPT.jpg;22.04;22.77;19.81;18.72
hz_5361215-PPT.jpg;24.78;24.57;21.54;21.37
hz_5506206-PPT.jpg;22.81;23.95;21.23;22.01
hz_5506207-PPT.jpg;22.45;24.78;22.45;22.05
hz_5511469-PPT.jpg;26.23;24.98;21.26;22.16
hz_5520223-PPT.jpg;24.84;24.78;21.95;19.23
hz_imagem_64.jpg;27.85;23.24;25.7;22.34
hz_imagem_68.jpg;23.96;21.93;22.3;21.37
sf_1235063-PPT.jpg;22.74;31.3;23.36;23.71
sf_1235064-PPT.jpg;21.21;24.04;22.22;23.7
sf_1235135-PPT.jpg;23.56;23.29;20.83;20.76
sf_1320022-PPT.jpg;23.83;19.65;18.38;19.37
sf_1327032-PPT.jpg;29.22;28.59;20.65;21.92
sf_1327071-PPT.jpg;27.87;22.66;21.24;22.07
sf_1327072-PPT.jpg;25.04;24.57;22.79;21.57
sf_1327073-PPT.jpg;22.98;21.56;17.83;19.5
sf_1435040-PPT.jpg;22.74;21.5;21.5;19.19
sf_1435163-PPT.jpg;30.26;22.94;23.5;22.88
sf_1481171-PPT.jpg;24.99;20.66;19.22;20.61
sf_1599072-PPT.jpg;28.86;23.41;23.0;22.6
sf_1599073-PPT.jpg;27.22;23.32;21.3;23.86
sf_1599417-PPT.jpg;25.04;23.36;18.93;20.31
sf_1599419-PPT.jpg;26.74;23.16;22.18;22.65
sf_1599420-PPT.jpg;28.9;26.44;22.07;25.05
sf_1599888-PPT.jpg;33.66;25.66;22.65;26.84
sf_1599889-PPT.jpg;33.67;25.65;22.64;26.58
sf_1599890-PPT.jpg;31.87;23.18;21.73;24.18
sf_1599891-PPT.jpg;28.75;24.0;22.38;23.5
sf_1599892-PPT.jpg;24.82;25.5;21.51;22.38
sf_1599893-PPT.jpg;22.5;20.9;18.33;17.81
sf_1599894-PPT.jpg;26.71;20.98;18.67;17.19
sf_1599998-PPT.jpg;28.4;22.06;21.31;22.8
sf_1599999-PPT.jpg;28.4;22.09;21.33;22.88
sf_1600000-PPT.jpg;23.86;25.47;19.99;20.38
sf_1600001-PPT.jpg;23.43;19.72;19.55;20.65
sf_1600003-PPT.jpg;24.6;24.54;21.15;23.73
sf_1600004-PPT.jpg;35.78;25.46;20.75;21.28
sf_1600005-PPT.jpg;27.88;24.0;20.86;21.49
sf_1600006-PPT.jpg;24.59;24.57;21.16;23.62
sf_1600007-PPT.jpg;25.73;24.17;19.65;21.05
sf_1600008-PPT.jpg;22.97;22.81;19.98;19.83
sf_1600009-PPT.jpg;23.93;25.78;20.62;20.03
sf_1600010-PPT.jpg;23.92;20.16;19.54;18.78
sf_1600011-PPT.jpg;31.66;26.64;22.8;26.07
sf_1600099-PPT.jpg;24.02;24.4;19.94;20.3
sf_1600101-PPT.jpg;23.93;27.01;21.66;18.85
sf_1600102-PPT.jpg;26.11;23.61;21.57;22.95
sf_1600133-PPT.jpg;21.73;23.06;19.25;19.12
sf_1600134-PPT.jpg;30.23;23.3;24.49;22.94
sf_1600135-PPT.jpg;29.71;28.66;21.33;22.56
sf_1673034-PPT.jpg;29.87;21.72;21.0;21.81
sf_1858071-PPT.jpg;26.49;25.75;20.49;19.33
sf_1858074-PPT.jpg;26.53;26.37;19.99;18.87
sf_4387058-PPT.jpg;21.76;22.3;19.58;18.24
sf_5110009-PPT.jpg;25.85;20.38;20.82;19.0
sf_5360472-PPT.jpg;24.87;21.4;20.6;18.05
sf_5361210-PPT.jpg;24.48;23.65;20.92;18.32
sf_5367921-PPT.jpg;33.2;31.13;24.17;25.06
sf_5367922-PPT.jpg;27.97;26.86;23.78;24.72
sf_5367923-PPT.jpg;30.2;29.61;24.4;26.45
sf_5367924-PPT.jpg;27.73;28.78;24.18;26.73
sf_5438976-PPT.jpg;33.66;27.55;24.43;29.06
sf_5438977-PPT.jpg;28.95;27.78;24.0;25.98
sf_5438978-PPT.jpg;28.63;33.89;24.22;26.8
sf_5507023-PPT.jpg;24.11;23.41;21.28;20.33
sf_5507028-PPT.jpg;23.45;23.49;16.93;17.04
