Imagem;Q1;Q2;Q3;Q4;
hz_1224099-PPT.jpg;28.5;28.23;21.22;24.48
hz_1234055-PPT.jpg;29.72;28.7;22.99;23.77
hz_1234223-PPT.jpg;27.57;25.61;22.37;23.73
hz_1235128-PPT.jpg;26.21;26.08;23.67;22.69
hz_1235134-PPT.jpg;32.15;29.46;23.17;25.38
hz_1235167-PPT.jpg;28.12;23.21;20.75;19.63
hz_1236191-PPT.jpg;21.3;20.77;18.6;18.96
hz_1242061-PPT.jpg;22.41;32.46;22.91;19.18
hz_1327005-PPT.jpg;28.16;22.74;19.84;20.18
hz_1327006-PPT.jpg;33.25;20.26;17.99;17.3
hz_1327007-PPT.jpg;33.43;20.66;18.55;18.16
hz_1327010-PPT.jpg;24.84;22.88;18.58;17.99
hz_1432033-PPT.jpg;29.42;26.48;24.78;24.09
hz_1435039-PPT.jpg;25.99;23.02;20.61;20.92
hz_1435044-PPT.jpg;25.76;23.52;19.84;19.12
hz_1435166-PPT.jpg;23.63;19.91;18.42;17.62
hz_1472066-PPT.jpg;25.45;25.16;21.57;22.27
hz_1472071-PPT.jpg;26.56;23.2;20.11;19.19
hz_1472072-PPT.jpg;24.37;26.23;21.74;20.2
hz_1599057-PPT.jpg;29.93;26.47;23.1;25.74
hz_1599059-PPT.jpg;31.4;28.14;24.19;24.18
hz_1599060-PPT.jpg;27.04;27.06;22.32;23.97
hz_1599434-PPT.jpg;30.67;30.11;25.58;23.48
hz_1599436-PPT.jpg;31.37;29.86;23.82;24.29
hz_1599438-PPT.jpg;29.58;30.41;23.07;25.55
hz_1599880-PPT.jpg;25.73;22.11;20.81;20.87
hz_1599958-PPT.jpg;24.44;26.58;22.66;18.8
hz_1599992-PPT.jpg;25.97;25.58;23.25;21.17
hz_1599995-PPT.jpg;28.03;23.12;20.75;23.56
hz_1599996-PPT.jpg;26.0;22.75;21.18;20.01
hz_1599997-PPT.jpg;25.57;24.97;21.95;20.85
hz_1600092-PPT.jpg;24.07;21.61;18.91;19.57
hz_1600093-PPT.jpg;21.3;20.24;19.1;18.74
hz_5360671-PPT.jpg;27.77;29.34;22.42;21.1
hz_5360672-PPT.jpg;23.71;23.71;20.52;19.05
hz_5361215-PPT.jpg;25.98;25.31;22.05;21.86
hz_5506206-PPT.jpg;24.12;24.8;21.91;23.18
hz_5506207-PPT.jpg;23.98;26.1;23.18;22.53
hz_5511469-PPT.jpg;28.49;26.29;22.01;22.79
hz_5520223-PPT.jpg;26.07;26.15;22.41;19.9
hz_imagem_64.jpg;30.16;24.13;26.49;22.76
hz_imagem_68.jpg;25.58;23.06;22.93;21.86
sf_1235063-PPT.jpg;24.07;31.43;24.17;24.59
sf_1235064-PPT.jpg;23.07;26.61;23.31;24.53
sf_1235135-PPT.jpg;24.89;24.04;21.59;21.09
sf_1320022-PPT.jpg;25.17;20.32;19.03;20.5
sf_1327032-PPT.jpg;31.15;30.26;21.6;22.26
sf_1327071-PPT.jpg;29.51;22.84;21.81;22.62
sf_1327072-PPT.jpg;26.35;25.63;23.26;21.93
sf_1327073-PPT.jpg;24.51;22.68;18.31;20.22
sf_1435040-PPT.jpg;24.01;22.2;21.72;19.16
sf_1435163-PPT.jpg;31.55;24.39;23.76;23.62
sf_1481171-PPT.jpg;26.56;21.08;19.75;21.06
sf_1599072-PPT.jpg;31.06;24.25;23.7;22.92
sf_1599073-PPT.jpg;28.66;24.45;21.71;24.23
sf_1599417-PPT.jpg;26.68;24.3;19.3;20.96
sf_1599419-PPT.jpg;28.59;24.83;22.61;22.89
sf_1599420-PPT.jpg;30.32;27.24;22.61;25.61
sf_1599888-PPT.jpg;35.62;26.41;23.25;26.83
sf_1599889-PPT.jpg;35.64;26.36;23.24;26.77
sf_1599890-PPT.jpg;33.6;23.95;22.46;24.72
sf_1599891-PPT.jpg;30.2;24.91;23.46;24.26
sf_1599892-PPT.jpg;26.83;26.98;22.79;23.36
sf_1599893-PPT.jpg;23.29;21.47;18.52;17.86
sf_1599894-PPT.jpg;27.77;21.3;18.8;17.28
sf_1599998-PPT.jpg;29.82;22.88;22.01;23.13
sf_1599999-PPT.jpg;29.82;22.85;21.97;23.2
sf_1600000-PPT.jpg;26.21;26.41;21.03;21.27
sf_1600001-PPT.jpg;25.4;21.24;20.35;21.33
sf_1600003-PPT.jpg;25.75;25.09;21.94;23.85
sf_1600004-PPT.jpg;36.89;26.46;21.31;21.69
sf_1600005-PPT.jpg;28.94;24.21;21.25;21.76
sf_1600006-PPT.jpg;25.75;25.22;21.88;23.95
sf_1600007-PPT.jpg;27.26;24.78;20.26;21.42
sf_1600008-PPT.jpg;25.07;24.28;20.79;20.36
sf_1600009-PPT.jpg;25.47;26.81;21.22;20.35
sf_1600010-PPT.jpg;25.57;21.52;20.03;19.11
sf_1600011-PPT.jpg;32.8;27.82;23.4;25.99
sf_1600099-PPT.jpg;25.96;25.14;20.8;20.72
sf_1600101-PPT.jpg;25.58;27.84;21.97;19.38
sf_1600102-PPT.jpg;27.76;24.96;22.77;23.79
sf_1600133-PPT.jpg;23.56;23.22;20.26;19.96
sf_1600134-PPT.jpg;31.16;24.69;24.8;23.45
sf_1600135-PPT.jpg;31.1;29.37;22.53;23.45
sf_1673034-PPT.jpg;31.37;22.51;21.74;22.22
sf_1858071-PPT.jpg;28.26;27.12;20.85;19.82
sf_1858074-PPT.jpg;28.13;27.24;20.39;19.18
sf_4387058-PPT.jpg;23.49;23.44;19.84;18.25
sf_5110009-PPT.jpg;27.05;21.08;21.4;19.39
sf_5360472-PPT.jpg;26.18;21.66;21.16;18.29
sf_5361210-PPT.jpg;25.89;24.29;21.65;18.75
sf_5367921-PPT.jpg;34.28;31.55;24.58;25.29
sf_5367922-PPT.jpg;29.01;27.71;24.45;24.99
sf_5367923-PPT.jpg;31.25;30.68;25.08;26.47
sf_5367924-PPT.jpg;28.95;29.72;24.72;27.02
sf_5438976-PPT.jpg;35.27;29.08;24.91;29.23
sf_5438977-PPT.jpg;31.44;29.1;24.97;26.73
sf_5438978-PPT.jpg;29.51;33.68;24.77;26.78
sf_5507023-PPT.jpg;25.99;24.71;21.46;20.18
sf_5507028-PPT.jpg;25.6;24.51;17.32;17.26
