Imagem;Q1;Q2;Q3;Q4;
hz_1224099-PPT.jpg;31.4;29.17;22.2;24.03
hz_1234055-PPT.jpg;31.71;28.87;23.63;23.94
hz_1234223-PPT.jpg;29.72;26.97;23.26;24.09
hz_1235128-PPT.jpg;28.21;26.82;24.19;22.8
hz_1235134-PPT.jpg;34.45;29.33;23.72;25.38
hz_1235167-PPT.jpg;30.08;24.74;21.26;20.47
hz_1236191-PPT.jpg;24.59;22.72;19.86;19.89
hz_1242061-PPT.jpg;25.38;31.44;23.82;20.21
hz_1327005-PPT.jpg;29.88;23.43;21.11;21.07
hz_1327006-PPT.jpg;36.7;20.75;18.46;17.74
hz_1327007-PPT.jpg;36.09;20.96;18.89;18.47
hz_1327010-PPT.jpg;27.49;24.66;19.51;18.01
hz_1432033-PPT.jpg;32.21;28.2;25.41;24.13
hz_1435039-PPT.jpg;28.69;24.95;21.55;21.42
hz_1435044-PPT.jpg;27.99;24.46;21.24;19.56
hz_1435166-PPT.jpg;26.49;22.0;20.03;17.97
hz_1472066-PPT.jpg;27.67;26.06;22.24;22.53
hz_1472071-PPT.jpg;28.82;24.53;21.11;19.24
hz_1472072-PPT.jpg;26.45;27.08;22.57;20.25
hz_1599057-PPT.jpg;32.33;27.83;24.16;25.55
hz_1599059-PPT.jpg;34.57;29.27;24.7;24.37
hz_1599060-PPT.jpg;30.1;28.53;22.81;24.43
hz_1599434-PPT.jpg;33.5;30.1;25.89;23.7
hz_1599436-PPT.jpg;34.02;30.48;24.35;24.4
hz_1599438-PPT.jpg;32.84;30.34;24.17;25.63
hz_1599880-PPT.jpg;27.75;23.57;21.63;21.46
hz_1599958-PPT.jpg;26.87;27.86;23.88;18.93
hz_1599992-PPT.jpg;28.15;26.41;23.81;21.14
hz_1599995-PPT.jpg;30.89;24.55;21.39;23.79
hz_1599996-PPT.jpg;28.3;24.41;22.16;20.24
hz_1599997-PPT.jpg;28.41;26.72;23.3;21.7
hz_1600092-PPT.jpg;26.75;22.8;20.39;20.54
hz_1600093-PPT.jpg;24.23;21.82;20.41;19.7
hz_5360671-PPT.jpg;30.47;29.48;22.9;21.11
hz_5360672-PPT.jpg;26.19;24.65;21.44;19.4
hz_5361215-PPT.jpg;28.38;26.28;22.78;22.38
hz_5506206-PPT.jpg;27.09;25.58;22.77;23.76
hz_5506207-PPT.jpg;26.72;27.33;23.62;22.75
hz_5511469-PPT.jpg;31.09;27.49;22.72;23.46
hz_5520223-PPT.jpg;28.45;27.54;22.89;20.59
hz_imagem_64.jpg;34.37;25.11;26.83;22.9
hz_imagem_68.jpg;28.28;25.18;23.94;22.47
sf_1235063-PPT.jpg;26.42;30.81;24.85;24.94
sf_1235064-PPT.jpg;27.07;28.8;24.56;25.24
sf_1235135-PPT.jpg;26.92;24.9;22.36;21.26
sf_1320022-PPT.jpg;27.1;21.69;20.93;21.16
sf_1327032-PPT.jpg;34.25;30.75;22.97;23.11
sf_1327071-PPT.jpg;32.27;22.96;22.52;22.81
sf_1327072-PPT.jpg;29.02;27.16;23.9;22.19
sf_1327073-PPT.jpg;26.69;24.01;18.79;20.71
sf_1435040-PPT.jpg;25.92;23.26;22.44;19.07
sf_1435163-PPT.jpg;33.37;25.8;24.4;23.9
sf_1481171-PPT.jpg;28.76;21.52;20.46;21.45
sf_1599072-PPT.jpg;34.22;25.12;24.38;22.89
sf_1599073-PPT.jpg;30.87;25.56;22.15;24.33
sf_1599417-PPT.jpg;28.92;24.94;19.72;21.36
sf_1599419-PPT.jpg;31.77;26.5;23.03;22.77
sf_1599420-PPT.jpg;32.42;28.17;23.28;25.47
sf_1599888-PPT.jpg;38.92;27.68;24.41;26.51
sf_1599889-PPT.jpg;38.95;27.67;24.38;26.44
sf_1599890-PPT.jpg;36.59;25.85;23.74;24.97
sf_1599891-PPT.jpg;32.71;26.03;24.22;24.32
sf_1599892-PPT.jpg;29.81;28.19;23.89;23.69
sf_1599893-PPT.jpg;24.92;22.4;18.62;17.83
sf_1599894-PPT.jpg;29.78;21.76;18.97;17.35
sf_1599998-PPT.jpg;31.66;24.69;23.09;23.41
sf_1599999-PPT.jpg;31.66;24.64;23.01;23.49
sf_1600000-PPT.jpg;29.69;27.29;22.1;21.79
sf_1600001-PPT.jpg;28.25;22.83;21.07;21.86
sf_1600003-PPT.jpg;28.2;25.86;22.84;23.61
sf_1600004-PPT.jpg;38.5;27.72;22.22;21.95
sf_1600005-PPT.jpg;31.32;24.53;21.66;21.81
sf_1600006-PPT.jpg;28.2;26.0;22.82;23.7
sf_1600007-PPT.jpg;30.21;25.27;20.93;21.62
sf_1600008-PPT.jpg;28.15;25.6;21.46;20.66
sf_1600009-PPT.jpg;28.0;28.09;21.89;20.58
sf_1600010-PPT.jpg;27.9;23.04;20.6;19.36
sf_1600011-PPT.jpg;34.7;28.82;24.27;25.49
sf_1600099-PPT.jpg;28.46;25.59;21.8;21.16
sf_1600101-PPT.jpg;28.5;28.24;22.22;19.54
sf_1600102-PPT.jpg;30.72;27.0;23.92;24.39
sf_1600133-PPT.jpg;27.01;23.38;21.32;20.93
sf_1600134-PPT.jpg;33.12;26.16;24.99;23.82
sf_1600135-PPT.jpg;32.96;29.58;23.52;23.89
sf_1673034-PPT.jpg;33.47;24.17;22.67;22.37
sf_1858071-PPT.jpg;31.27;28.2;21.2;20.15
sf_1858074-PPT.jpg;30.46;27.74;20.63;19.45
sf_4387058-PPT.jpg;25.74;24.37;20.04;18.34
sf_5110009-PPT.jpg;29.09;21.78;22.06;19.75
sf_5360472-PPT.jpg;28.92;21.83;21.77;18.5
sf_5361210-PPT.jpg;27.99;24.88;22.41;19.2
sf_5367921-PPT.jpg;36.81;31.25;25.06;25.7
sf_5367922-PPT.jpg;31.73;28.65;24.95;24.98
sf_5367923-PPT.jpg;33.37;30.89;25.68;26.17
sf_5367924-PPT.jpg;31.19;30.15;25.33;26.45
sf_5438976-PPT.jpg;37.42;29.73;25.34;27.83
sf_5438977-PPT.jpg;35.01;29.83;25.84;26.43
sf_5438978-PPT.jpg;32.28;32.11;25.11;26.03
sf_5507023-PPT.jpg;28.42;26.2;21.95;20.1
sf_5507028-PPT.jpg;28.28;26.16;17.63;17.45
