Imagem;Q1;Q2;Q3;Q4;
hz_1224099-PPT.jpg;7.69;11.66;12.08;11.4
hz_1234055-PPT.jpg;5.12;6.33;5.47;5.65
hz_1234223-PPT.jpg;3.0;4.76;8.48;7.23
hz_1235128-PPT.jpg;6.07;11.61;7.15;5.41
hz_1235134-PPT.jpg;3.53;3.74;7.18;7.31
hz_1235167-PPT.jpg;10.14;9.48;3.31;8.15
hz_1236191-PPT.jpg;5.43;4.65;7.32;7.8
hz_1242061-PPT.jpg;9.43;10.35;10.05;9.49
hz_1327005-PPT.jpg;22.06;3.31;7.5;8.22
hz_1327006-PPT.jpg;17.83;14.19;8.19;8.98
hz_1327007-PPT.jpg;22.37;15.58;9.41;10.25
hz_1327010-PPT.jpg;2.41;4.79;3.83;2.0
hz_1432033-PPT.jpg;7.57;8.02;9.12;11.31
hz_1435039-PPT.jpg;3.05;4.97;8.0;6.67
hz_1435044-PPT.jpg;6.57;8.2;5.59;5.32
hz_1435166-PPT.jpg;7.91;5.03;7.96;7.93
hz_1472066-PPT.jpg;4.45;4.77;3.83;5.42
hz_1472071-PPT.jpg;2.57;3.29;3.97;2.74
hz_1472072-PPT.jpg;6.33;4.18;6.43;3.48
hz_1599057-PPT.jpg;4.45;5.42;6.49;7.5
hz_1599059-PPT.jpg;6.81;8.9;9.61;10.37
hz_1599060-PPT.jpg;8.03;7.18;9.5;9.04
hz_1599434-PPT.jpg;6.78;6.92;8.75;9.38
hz_1599436-PPT.jpg;7.36;7.28;10.23;7.8
hz_1599438-PPT.jpg;7.83;6.03;6.45;6.9
hz_1599880-PPT.jpg;11.98;10.47;8.94;7.26
hz_1599958-PPT.jpg;9.1;4.98;6.75;9.28
hz_1599992-PPT.jpg;5.11;4.2;6.32;3.92
hz_1599995-PPT.jpg;15.85;9.51;9.06;8.91
hz_1599996-PPT.jpg;5.48;9.79;9.95;11.85
hz_1599997-PPT.jpg;6.0;7.45;7.59;6.13
hz_1600092-PPT.jpg;6.42;5.6;5.08;7.15
hz_1600093-PPT.jpg;8.04;7.71;7.71;5.94
hz_5360671-PPT.jpg;6.46;9.59;11.65;12.04
hz_5360672-PPT.jpg;7.99;8.47;4.03;10.11
hz_5361215-PPT.jpg;4.72;3.72;4.77;8.75
hz_5506206-PPT.jpg;7.08;12.59;8.17;7.25
hz_5506207-PPT.jpg;8.98;7.2;11.62;6.35
hz_5511469-PPT.jpg;3.39;5.48;8.16;6.75
hz_5520223-PPT.jpg;3.35;8.63;11.24;7.47
hz_imagem_64.jpg;2.83;4.25;8.07;8.1
hz_imagem_68.jpg;6.69;7.83;5.33;6.02
sf_1235063-PPT.jpg;6.06;5.51;7.38;7.11
sf_1235064-PPT.jpg;5.57;7.07;7.43;7.65
sf_1235135-PPT.jpg;5.22;6.57;6.59;5.05
sf_1320022-PPT.jpg;9.65;7.84;8.34;8.31
sf_1327032-PPT.jpg;3.57;5.57;6.85;5.94
sf_1327071-PPT.jpg;13.33;16.94;11.55;11.85
sf_1327072-PPT.jpg;4.69;7.23;10.55;10.81
sf_1327073-PPT.jpg;8.09;6.09;6.85;6.47
sf_1435040-PPT.jpg;12.07;12.59;3.44;2.32
sf_1435163-PPT.jpg;8.16;9.67;9.92;9.07
sf_1481171-PPT.jpg;18.77;15.61;10.69;8.07
sf_1599072-PPT.jpg;14.22;10.44;8.97;11.41
sf_1599073-PPT.jpg;6.94;10.59;3.57;8.46
sf_1599417-PPT.jpg;5.42;4.31;3.01;6.47
sf_1599419-PPT.jpg;12.53;7.25;8.77;10.06
sf_1599420-PPT.jpg;6.61;8.94;4.5;8.58
sf_1599888-PPT.jpg;3.48;5.51;6.03;6.91
sf_1599889-PPT.jpg;3.48;5.51;6.03;6.91
sf_1599890-PPT.jpg;3.46;5.49;6.36;7.11
sf_1599891-PPT.jpg;3.27;3.28;7.01;7.14
sf_1599892-PPT.jpg;4.89;4.92;7.07;6.08
sf_1599893-PPT.jpg;5.77;11.44;14.28;14.58
sf_1599894-PPT.jpg;19.32;15.84;15.15;14.24
sf_1599998-PPT.jpg;6.13;4.9;4.78;7.44
sf_1599999-PPT.jpg;6.13;4.9;4.78;7.43
sf_1600000-PPT.jpg;2.84;4.94;6.73;6.69
sf_1600001-PPT.jpg;9.19;13.69;8.58;5.65
sf_1600003-PPT.jpg;3.62;4.01;8.34;4.53
sf_1600004-PPT.jpg;17.46;12.13;4.75;5.16
sf_1600005-PPT.jpg;15.13;15.03;3.22;3.99
sf_1600006-PPT.jpg;3.62;4.01;8.34;4.52
sf_1600007-PPT.jpg;4.75;2.68;4.4;7.36
sf_1600008-PPT.jpg;9.83;9.32;11.76;12.27
sf_1600009-PPT.jpg;5.44;7.09;8.6;7.47
sf_1600010-PPT.jpg;4.96;7.32;4.44;3.14
sf_1600011-PPT.jpg;5.79;6.48;7.9;10.24
sf_1600099-PPT.jpg;2.07;3.49;5.21;4.83
sf_1600101-PPT.jpg;2.91;4.4;4.07;3.35
sf_1600102-PPT.jpg;4.9;6.6;6.95;7.81
sf_1600133-PPT.jpg;8.56;16.56;8.91;9.39
sf_1600134-PPT.jpg;7.62;8.93;9.38;9.22
sf_1600135-PPT.jpg;5.55;4.71;7.22;7.9
sf_1673034-PPT.jpg;8.94;6.48;6.24;9.76
sf_1858071-PPT.jpg;9.62;9.73;6.58;8.97
sf_1858074-PPT.jpg;7.98;9.83;10.95;4.41
sf_4387058-PPT.jpg;5.23;13.15;11.3;14.17
sf_5110009-PPT.jpg;15.12;12.0;7.13;6.8
sf_5360472-PPT.jpg;9.34;15.8;9.22;11.13
sf_5361210-PPT.jpg;9.61;7.96;8.22;10.31
sf_5367921-PPT.jpg;5.86;6.84;8.25;8.08
sf_5367922-PPT.jpg;5.5;6.43;8.18;8.17
sf_5367923-PPT.jpg;5.1;6.13;6.73;7.3
sf_5367924-PPT.jpg;5.8;7.49;8.23;8.3
sf_5438976-PPT.jpg;7.6;8.74;7.1;7.14
sf_5438977-PPT.jpg;7.05;6.51;9.21;8.84
sf_5438978-PPT.jpg;7.14;8.24;9.96;9.87
sf_5507023-PPT.jpg;3.27;4.36;3.12;2.86
sf_5507028-PPT.jpg;10.06;5.45;8.38;6.32
