Imagem;Q1;Q2;Q3;Q4;
hz_1224099-PPT.jpg;34.15;28.29;22.4;22.92
hz_1234055-PPT.jpg;36.19;28.47;24.03;23.52
hz_1234223-PPT.jpg;32.12;26.82;23.43;23.29
hz_1235128-PPT.jpg;31.11;26.76;23.95;22.06
hz_1235134-PPT.jpg;37.27;28.09;23.81;24.57
hz_1235167-PPT.jpg;32.7;26.3;21.42;20.64
hz_1236191-PPT.jpg;28.04;23.85;20.73;20.06
hz_1242061-PPT.jpg;28.73;29.16;24.12;20.41
hz_1327005-PPT.jpg;31.67;23.85;22.06;21.26
hz_1327006-PPT.jpg;39.57;20.9;18.75;17.92
hz_1327007-PPT.jpg;38.77;20.99;19.16;18.43
hz_1327010-PPT.jpg;31.2;26.03;20.23;17.77
hz_1432033-PPT.jpg;35.86;27.86;25.28;23.39
hz_1435039-PPT.jpg;31.38;25.59;21.94;21.25
hz_1435044-PPT.jpg;30.11;24.6;21.95;19.56
hz_1435166-PPT.jpg;29.47;23.68;21.21;18.1
hz_1472066-PPT.jpg;29.89;26.19;22.55;22.32
hz_1472071-PPT.jpg;32.09;25.17;21.48;19.01
hz_1472072-PPT.jpg;28.62;27.06;23.15;19.93
hz_1599057-PPT.jpg;34.73;27.67;24.45;24.45
hz_1599059-PPT.jpg;38.16;28.45;24.73;23.4
hz_1599060-PPT.jpg;33.39;28.15;22.8;23.57
hz_1599434-PPT.jpg;36.71;28.64;25.49;23.06
hz_1599436-PPT.jpg;36.9;29.0;24.35;23.48
hz_1599438-PPT.jpg;35.95;28.67;24.29;24.56
hz_1599880-PPT.jpg;30.07;24.95;22.48;21.61
hz_1599958-PPT.jpg;29.29;27.74;24.25;18.81
hz_1599992-PPT.jpg;30.25;25.98;23.86;20.72
hz_1599995-PPT.jpg;33.51;24.75;21.77;23.12
hz_1599996-PPT.jpg;31.07;25.52;22.71;19.95
hz_1599997-PPT.jpg;31.3;27.37;23.88;21.57
hz_1600092-PPT.jpg;29.67;23.36;21.54;20.99
hz_1600093-PPT.jpg;27.51;22.91;21.15;20.08
hz_5360671-PPT.jpg;33.5;28.08;23.13;20.6
hz_5360672-PPT.jpg;29.37;24.88;21.73;19.51
hz_5361215-PPT.jpg;31.16;26.16;23.13;22.2
hz_5506206-PPT.jpg;30.21;25.6;23.19;23.34
hz_5506207-PPT.jpg;30.6;27.43;23.46;22.16
hz_5511469-PPT.jpg;33.97;27.43;22.89;22.95
hz_5520223-PPT.jpg;31.17;27.8;22.89;20.49
hz_imagem_64.jpg;37.54;25.35;25.67;22.26
hz_imagem_68.jpg;32.68;27.12;24.33;22.48
sf_1235063-PPT.jpg;29.85;28.95;24.69;24.05
sf_1235064-PPT.jpg;31.64;28.28;24.68;24.39
sf_1235135-PPT.jpg;29.08;25.23;22.55;21.04
sf_1320022-PPT.jpg;29.23;22.85;22.76;21.38
sf_1327032-PPT.jpg;37.84;29.15;24.03;22.97
sf_1327071-PPT.jpg;35.2;22.86;22.77;22.28
sf_1327072-PPT.jpg;32.55;27.41;24.18;21.75
sf_1327073-PPT.jpg;28.84;24.75;19.09;20.63
sf_1435040-PPT.jpg;28.28;23.76;22.6;18.84
sf_1435163-PPT.jpg;35.56;26.8;24.57;23.31
sf_1481171-PPT.jpg;31.02;21.81;20.91;21.38
sf_1599072-PPT.jpg;36.76;25.24;24.57;22.21
sf_1599073-PPT.jpg;33.6;25.76;22.21;23.51
sf_1599417-PPT.jpg;32.45;24.85;19.85;21.07
sf_1599419-PPT.jpg;34.65;26.78;23.32;22.13
sf_1599420-PPT.jpg;34.78;27.97;23.47;24.18
sf_1599888-PPT.jpg;41.99;27.82;24.63;25.08
sf_1599889-PPT.jpg;41.96;27.75;24.57;24.99
sf_1599890-PPT.jpg;39.6;26.93;24.18;23.97
sf_1599891-PPT.jpg;35.91;26.41;24.57;23.54
sf_1599892-PPT.jpg;33.73;27.64;24.13;22.95
sf_1599893-PPT.jpg;28.73;23.38;18.74;17.67
sf_1599894-PPT.jpg;32.58;22.18;19.14;17.21
sf_1599998-PPT.jpg;33.56;25.57;23.5;22.98
sf_1599999-PPT.jpg;33.57;25.61;23.6;23.02
sf_1600000-PPT.jpg;33.87;26.85;22.56;21.5
sf_1600001-PPT.jpg;31.61;23.46;21.29;21.65
sf_1600003-PPT.jpg;31.47;26.58;23.34;22.7
sf_1600004-PPT.jpg;40.44;27.59;22.53;21.84
sf_1600005-PPT.jpg;33.74;24.53;21.77;21.35
sf_1600006-PPT.jpg;31.47;26.64;23.41;22.6
sf_1600007-PPT.jpg;32.54;25.26;21.46;21.24
sf_1600008-PPT.jpg;31.64;26.29;21.6;20.52
sf_1600009-PPT.jpg;30.78;27.84;22.06;20.34
sf_1600010-PPT.jpg;31.19;24.34;20.95;19.24
sf_1600011-PPT.jpg;37.1;28.26;24.66;24.43
sf_1600099-PPT.jpg;31.41;25.46;22.18;21.15
sf_1600101-PPT.jpg;31.18;27.67;22.03;19.34
sf_1600102-PPT.jpg;34.24;27.55;24.11;23.48
sf_1600133-PPT.jpg;30.3;23.36;21.93;20.79
sf_1600134-PPT.jpg;35.98;27.09;24.84;23.49
sf_1600135-PPT.jpg;34.72;28.56;23.87;23.2
sf_1673034-PPT.jpg;35.66;25.8;23.33;21.87
sf_1858071-PPT.jpg;34.27;27.78;21.22;19.94
sf_1858074-PPT.jpg;33.41;27.13;20.58;19.32
sf_4387058-PPT.jpg;28.09;24.66;20.04;18.27
sf_5110009-PPT.jpg;31.24;22.07;22.72;19.69
sf_5360472-PPT.jpg;32.58;21.86;22.04;18.47
sf_5361210-PPT.jpg;30.79;24.84;22.79;19.21
sf_5367921-PPT.jpg;40.58;29.3;24.91;24.63
sf_5367922-PPT.jpg;34.76;28.26;25.04;24.08
sf_5367923-PPT.jpg;36.43;29.04;25.23;24.94
sf_5367924-PPT.jpg;34.42;28.74;25.11;24.95
sf_5438976-PPT.jpg;39.25;28.84;25.38;25.28
sf_5438977-PPT.jpg;37.71;28.74;25.08;24.76
sf_5438978-PPT.jpg;35.06;29.49;24.94;24.44
sf_5507023-PPT.jpg;31.72;27.02;22.09;19.96
sf_5507028-PPT.jpg;30.58;26.3;17.81;17.46
