Imagem;Q1;Q2;Q3;Q4;
hz_1224099-PPT.jpg;8.09;11.78;12.71;11.52
hz_1234055-PPT.jpg;5.94;6.39;5.53;5.74
hz_1234223-PPT.jpg;3.48;5.25;8.99;7.51
hz_1235128-PPT.jpg;6.73;12.44;7.58;5.7
hz_1235134-PPT.jpg;3.65;3.8;7.31;7.39
hz_1235167-PPT.jpg;10.16;10.02;3.47;8.8
hz_1236191-PPT.jpg;6.44;4.75;7.85;8.6
hz_1242061-PPT.jpg;9.51;10.42;10.26;9.91
hz_1327005-PPT.jpg;25.85;3.71;7.77;8.45
hz_1327006-PPT.jpg;19.63;17.7;10.86;10.24
hz_1327007-PPT.jpg;24.99;17.93;11.64;11.49
hz_1327010-PPT.jpg;2.81;4.97;4.04;2.02
hz_1432033-PPT.jpg;7.73;8.36;9.25;11.38
hz_1435039-PPT.jpg;3.37;5.75;8.83;7.28
hz_1435044-PPT.jpg;9.3;9.87;5.96;5.98
hz_1435166-PPT.jpg;12.66;5.11;8.31;9.99
hz_1472066-PPT.jpg;6.01;5.15;4.0;5.72
hz_1472071-PPT.jpg;2.86;3.5;4.24;2.89
hz_1472072-PPT.jpg;8.1;4.34;6.93;3.71
hz_1599057-PPT.jpg;4.85;5.57;6.6;7.61
hz_1599059-PPT.jpg;7.45;9.15;9.71;10.63
hz_1599060-PPT.jpg;8.78;7.32;10.18;9.19
hz_1599434-PPT.jpg;7.4;7.13;8.81;9.71
hz_1599436-PPT.jpg;7.55;7.34;10.42;8.15
hz_1599438-PPT.jpg;8.04;6.2;6.72;7.0
hz_1599880-PPT.jpg;13.09;11.03;9.46;7.74
hz_1599958-PPT.jpg;11.59;5.14;7.19;10.91
hz_1599992-PPT.jpg;6.0;4.49;6.8;4.06
hz_1599995-PPT.jpg;17.8;10.16;9.89;9.07
hz_1599996-PPT.jpg;6.53;10.2;10.01;12.31
hz_1599997-PPT.jpg;6.61;7.84;7.82;6.59
hz_1600092-PPT.jpg;9.47;7.02;5.31;7.86
hz_1600093-PPT.jpg;10.45;9.8;8.41;6.27
hz_5360671-PPT.jpg;7.54;9.84;12.03;12.53
hz_5360672-PPT.jpg;9.22;9.88;4.21;10.85
hz_5361215-PPT.jpg;5.57;4.09;4.99;8.97
hz_5506206-PPT.jpg;7.94;13.16;8.89;7.39
hz_5506207-PPT.jpg;10.3;7.58;11.76;6.72
hz_5511469-PPT.jpg;3.69;5.78;8.86;6.95
hz_5520223-PPT.jpg;3.53;9.02;11.8;8.57
hz_imagem_64.jpg;2.86;4.81;8.4;8.87
hz_imagem_68.jpg;6.89;7.93;5.54;6.31
sf_1235063-PPT.jpg;6.31;5.61;7.58;7.19
sf_1235064-PPT.jpg;5.73;7.21;7.58;7.69
sf_1235135-PPT.jpg;7.73;9.16;7.27;5.75
sf_1320022-PPT.jpg;16.16;9.1;8.45;8.52
sf_1327032-PPT.jpg;3.68;5.65;6.88;6.0
sf_1327071-PPT.jpg;15.83;17.49;11.73;11.91
sf_1327072-PPT.jpg;4.94;7.58;10.71;11.15
sf_1327073-PPT.jpg;11.22;6.6;9.31;6.76
sf_1435040-PPT.jpg;14.81;14.58;3.51;2.35
sf_1435163-PPT.jpg;8.7;9.76;10.05;9.4
sf_1481171-PPT.jpg;23.32;17.04;11.34;8.52
sf_1599072-PPT.jpg;14.5;11.89;9.06;11.56
sf_1599073-PPT.jpg;7.25;11.64;3.77;8.61
sf_1599417-PPT.jpg;5.54;4.91;3.54;7.19
sf_1599419-PPT.jpg;15.14;7.64;9.7;10.74
sf_1599420-PPT.jpg;6.87;9.47;4.7;8.69
sf_1599888-PPT.jpg;3.56;5.75;6.13;7.0
sf_1599889-PPT.jpg;3.56;5.75;6.13;7.0
sf_1599890-PPT.jpg;3.56;5.9;6.62;7.31
sf_1599891-PPT.jpg;3.42;3.31;7.13;7.22
sf_1599892-PPT.jpg;5.08;5.0;7.2;6.23
sf_1599893-PPT.jpg;6.13;14.01;15.4;14.64
sf_1599894-PPT.jpg;23.02;17.78;15.61;14.61
sf_1599998-PPT.jpg;6.97;5.05;4.94;7.69
sf_1599999-PPT.jpg;6.97;5.05;4.94;7.69
sf_1600000-PPT.jpg;2.94;5.36;7.1;7.14
sf_1600001-PPT.jpg;11.53;14.16;9.57;6.1
sf_1600003-PPT.jpg;3.71;4.17;8.62;4.58
sf_1600004-PPT.jpg;18.47;12.34;5.15;5.54
sf_1600005-PPT.jpg;17.57;16.38;3.36;4.1
sf_1600006-PPT.jpg;3.71;4.15;8.61;4.56
sf_1600007-PPT.jpg;5.7;2.76;4.82;8.18
sf_1600008-PPT.jpg;10.69;9.78;12.56;12.41
sf_1600009-PPT.jpg;5.62;7.72;10.04;8.57
sf_1600010-PPT.jpg;6.28;8.0;5.2;3.24
sf_1600011-PPT.jpg;6.2;6.59;8.08;10.38
sf_1600099-PPT.jpg;2.14;3.65;5.57;5.01
sf_1600101-PPT.jpg;3.48;4.62;4.53;3.53
sf_1600102-PPT.jpg;5.35;6.78;7.21;8.31
sf_1600133-PPT.jpg;9.33;17.95;9.61;9.95
sf_1600134-PPT.jpg;7.96;8.96;9.79;9.46
sf_1600135-PPT.jpg;6.09;4.75;7.35;8.23
sf_1673034-PPT.jpg;9.69;6.89;6.62;10.2
sf_1858071-PPT.jpg;10.29;9.8;8.26;10.55
sf_1858074-PPT.jpg;8.62;10.24;12.5;5.24
sf_4387058-PPT.jpg;6.91;15.37;14.11;14.52
sf_5110009-PPT.jpg;18.46;15.06;7.71;7.8
sf_5360472-PPT.jpg;10.42;17.61;9.88;12.21
sf_5361210-PPT.jpg;12.0;9.1;8.67;10.81
sf_5367921-PPT.jpg;5.87;6.86;8.34;8.11
sf_5367922-PPT.jpg;5.57;6.48;8.23;8.35
sf_5367923-PPT.jpg;5.1;6.15;6.77;7.39
sf_5367924-PPT.jpg;5.82;7.54;8.28;8.36
sf_5438976-PPT.jpg;7.79;8.81;7.19;7.19
sf_5438977-PPT.jpg;7.13;6.64;9.28;9.02
sf_5438978-PPT.jpg;7.27;8.3;9.99;9.97
sf_5507023-PPT.jpg;3.89;4.58;3.18;2.85
sf_5507028-PPT.jpg;11.8;5.66;11.81;8.56
