Imagem;Q1;Q2;Q3;Q4;
hz_1224099-PPT.jpg;6.39;11.42;11.5;11.06
hz_1234055-PPT.jpg;4.87;6.15;5.31;5.52
hz_1234223-PPT.jpg;2.7;4.58;8.02;6.97
hz_1235128-PPT.jpg;5.25;11.38;6.93;5.22
hz_1235134-PPT.jpg;3.34;3.69;6.99;7.25
hz_1235167-PPT.jpg;9.47;9.14;3.18;7.55
hz_1236191-PPT.jpg;4.63;4.02;6.38;7.39
hz_1242061-PPT.jpg;8.49;10.22;9.68;8.97
hz_1327005-PPT.jpg;17.71;3.08;6.98;7.72
hz_1327006-PPT.jpg;14.8;12.87;7.68;8.05
hz_1327007-PPT.jpg;19.42;14.35;9.01;9.69
hz_1327010-PPT.jpg;2.21;4.47;3.5;1.95
hz_1432033-PPT.jpg;7.06;7.65;8.88;11.09
hz_1435039-PPT.jpg;2.63;4.62;7.35;6.2
hz_1435044-PPT.jpg;5.56;7.69;5.13;4.91
hz_1435166-PPT.jpg;7.05;4.25;6.92;7.6
hz_1472066-PPT.jpg;3.77;4.57;3.7;5.24
hz_1472071-PPT.jpg;2.36;3.18;3.71;2.69
hz_1472072-PPT.jpg;5.41;4.08;6.1;3.41
hz_1599057-PPT.jpg;4.06;5.21;6.25;7.27
hz_1599059-PPT.jpg;6.39;8.5;9.26;10.08
hz_1599060-PPT.jpg;7.39;6.86;8.99;8.73
hz_1599434-PPT.jpg;6.26;6.78;8.6;8.97
hz_1599436-PPT.jpg;6.87;7.12;9.84;7.62
hz_1599438-PPT.jpg;7.4;5.88;6.16;6.73
hz_1599880-PPT.jpg;10.88;9.6;8.58;6.88
hz_1599958-PPT.jpg;8.19;4.87;6.56;9.09
hz_1599992-PPT.jpg;4.73;3.79;6.11;3.74
hz_1599995-PPT.jpg;14.3;8.17;8.2;8.35
hz_1599996-PPT.jpg;4.96;8.79;9.1;11.19
hz_1599997-PPT.jpg;5.43;7.31;7.18;5.86
hz_1600092-PPT.jpg;5.82;4.95;4.64;6.81
hz_1600093-PPT.jpg;6.75;6.72;7.06;5.43
hz_5360671-PPT.jpg;6.04;9.49;11.41;11.83
hz_5360672-PPT.jpg;7.02;7.34;3.76;9.35
hz_5361215-PPT.jpg;4.35;3.62;4.58;8.46
hz_5506206-PPT.jpg;6.43;11.9;7.93;6.92
hz_5506207-PPT.jpg;7.92;6.9;11.27;6.13
hz_5511469-PPT.jpg;3.02;5.27;7.71;6.43
hz_5520223-PPT.jpg;3.08;8.27;11.07;7.2
hz_imagem_64.jpg;2.36;3.91;7.86;7.77
hz_imagem_68.jpg;6.33;7.59;5.18;5.88
sf_1235063-PPT.jpg;5.74;5.41;7.25;7.01
sf_1235064-PPT.jpg;5.2;6.79;7.25;7.44
sf_1235135-PPT.jpg;4.61;6.24;6.16;4.87
sf_1320022-PPT.jpg;8.17;7.22;7.87;7.66
sf_1327032-PPT.jpg;3.25;5.45;6.65;5.76
sf_1327071-PPT.jpg;12.54;16.35;11.15;11.67
sf_1327072-PPT.jpg;4.48;6.98;10.34;10.56
sf_1327073-PPT.jpg;6.69;5.25;6.38;5.87
sf_1435040-PPT.jpg;9.7;11.77;3.39;2.31
sf_1435163-PPT.jpg;7.62;9.34;9.8;8.86
sf_1481171-PPT.jpg;14.35;13.62;10.14;7.76
sf_1599072-PPT.jpg;12.66;9.95;8.69;11.2
sf_1599073-PPT.jpg;6.53;9.92;3.47;8.25
sf_1599417-PPT.jpg;5.02;4.02;2.84;6.07
sf_1599419-PPT.jpg;11.12;6.83;8.42;9.71
sf_1599420-PPT.jpg;6.15;8.5;4.36;8.43
sf_1599888-PPT.jpg;3.34;5.33;5.88;6.81
sf_1599889-PPT.jpg;3.34;5.33;5.88;6.82
sf_1599890-PPT.jpg;3.26;5.25;6.13;6.95
sf_1599891-PPT.jpg;3.03;3.22;6.75;6.82
sf_1599892-PPT.jpg;4.58;4.74;6.69;5.86
sf_1599893-PPT.jpg;5.48;10.55;12.77;14.48
sf_1599894-PPT.jpg;16.23;14.77;14.44;13.94
sf_1599998-PPT.jpg;5.73;4.61;4.7;6.96
sf_1599999-PPT.jpg;5.73;4.62;4.69;6.95
sf_1600000-PPT.jpg;2.68;4.67;6.02;6.18
sf_1600001-PPT.jpg;8.37;12.37;7.81;5.45
sf_1600003-PPT.jpg;3.23;3.87;7.81;4.46
sf_1600004-PPT.jpg;16.81;11.73;4.5;5.03
sf_1600005-PPT.jpg;13.68;14.68;3.13;3.89
sf_1600006-PPT.jpg;3.23;3.87;7.82;4.46
sf_1600007-PPT.jpg;4.15;2.57;4.16;6.78
sf_1600008-PPT.jpg;8.24;8.32;10.68;11.4
sf_1600009-PPT.jpg;4.85;6.87;8.14;7.04
sf_1600010-PPT.jpg;4.49;6.55;4.14;3.04
sf_1600011-PPT.jpg;5.6;6.31;7.66;10.13
sf_1600099-PPT.jpg;1.88;3.27;4.75;4.55
sf_1600101-PPT.jpg;2.64;4.31;3.99;3.24
sf_1600102-PPT.jpg;4.58;6.4;6.79;7.61
sf_1600133-PPT.jpg;7.3;15.45;8.2;8.62
sf_1600134-PPT.jpg;7.38;8.74;9.26;8.97
sf_1600135-PPT.jpg;4.98;4.59;6.72;7.53
sf_1673034-PPT.jpg;8.39;6.09;6.12;9.13
sf_1858071-PPT.jpg;8.71;9.3;6.07;8.42
sf_1858074-PPT.jpg;7.31;9.22;10.43;4.18
sf_4387058-PPT.jpg;4.55;11.83;10.1;13.63
sf_5110009-PPT.jpg;13.23;10.88;6.87;6.45
sf_5360472-PPT.jpg;8.1;14.61;8.86;10.78
sf_5361210-PPT.jpg;9.05;7.66;7.83;9.62
sf_5367921-PPT.jpg;5.82;6.82;8.08;7.98
sf_5367922-PPT.jpg;5.28;6.33;8.06;8.07
sf_5367923-PPT.jpg;5.01;6.08;6.59;7.22
sf_5367924-PPT.jpg;5.63;7.42;8.09;8.21
sf_5438976-PPT.jpg;7.27;8.64;6.99;7.02
sf_5438977-PPT.jpg;6.72;6.24;9.07;8.64
sf_5438978-PPT.jpg;6.84;8.19;9.77;9.66
sf_5507023-PPT.jpg;3.02;4.25;3.03;2.81
sf_5507028-PPT.jpg;8.65;5.33;7.42;6.1
