Imagem;Q1;Q2;Q3;Q4;
hz_1224099-PPT.jpg;36.21;26.81;22.1;21.9
hz_1234055-PPT.jpg;38.48;26.94;23.27;22.38
hz_1234223-PPT.jpg;34.14;25.89;22.82;22.31
hz_1235128-PPT.jpg;33.43;25.83;23.15;21.33
hz_1235134-PPT.jpg;39.26;26.57;23.24;23.05
hz_1235167-PPT.jpg;34.98;25.97;21.16;20.32
hz_1236191-PPT.jpg;30.76;23.83;20.74;19.93
hz_1242061-PPT.jpg;31.85;27.17;23.35;20.04
hz_1327005-PPT.jpg;33.51;23.5;21.85;20.76
hz_1327006-PPT.jpg;41.36;20.82;18.73;17.83
hz_1327007-PPT.jpg;40.68;20.93;19.02;18.33
hz_1327010-PPT.jpg;33.78;25.71;20.29;17.62
hz_1432033-PPT.jpg;38.41;26.6;24.04;22.05
hz_1435039-PPT.jpg;33.38;25.01;21.89;20.6
hz_1435044-PPT.jpg;31.65;24.19;21.93;19.24
hz_1435166-PPT.jpg;31.28;23.8;21.29;17.9
hz_1472066-PPT.jpg;31.41;25.44;22.0;21.32
hz_1472071-PPT.jpg;34.32;24.95;21.27;18.73
hz_1472072-PPT.jpg;30.19;26.28;22.61;19.53
hz_1599057-PPT.jpg;36.44;26.45;23.54;22.89
hz_1599059-PPT.jpg;40.57;27.0;23.54;22.27
hz_1599060-PPT.jpg;35.28;26.72;22.3;22.43
hz_1599434-PPT.jpg;38.51;26.77;23.98;21.92
hz_1599436-PPT.jpg;39.06;27.15;23.28;22.36
hz_1599438-PPT.jpg;38.21;26.89;23.41;22.96
hz_1599880-PPT.jpg;31.97;25.02;22.09;21.0
hz_1599958-PPT.jpg;31.06;26.59;23.27;18.43
hz_1599992-PPT.jpg;31.77;25.3;22.93;20.1
hz_1599995-PPT.jpg;35.44;24.39;21.46;22.04
hz_1599996-PPT.jpg;33.1;25.08;22.09;19.66
hz_1599997-PPT.jpg;33.49;26.35;23.0;21.08
hz_1600092-PPT.jpg;31.65;23.24;21.26;20.47
hz_1600093-PPT.jpg;30.04;22.97;21.12;19.8
hz_5360671-PPT.jpg;35.58;26.61;22.27;20.09
hz_5360672-PPT.jpg;31.33;24.5;21.49;19.06
hz_5361215-PPT.jpg;33.1;25.52;22.54;21.35
hz_5506206-PPT.jpg;32.78;25.18;22.72;22.3
hz_5506207-PPT.jpg;32.58;26.25;22.72;21.42
hz_5511469-PPT.jpg;35.64;26.36;22.36;21.91
hz_5520223-PPT.jpg;33.23;26.53;22.41;20.16
hz_imagem_64.jpg;39.13;24.77;24.14;21.53
hz_imagem_68.jpg;36.46;26.55;23.36;21.77
sf_1235063-PPT.jpg;33.16;27.04;23.65;22.81
sf_1235064-PPT.jpg;35.13;26.74;23.58;22.85
sf_1235135-PPT.jpg;30.58;24.78;22.15;20.41
sf_1320022-PPT.jpg;30.75;22.89;22.47;20.9
sf_1327032-PPT.jpg;40.42;27.1;23.33;22.13
sf_1327071-PPT.jpg;37.55;22.57;22.47;21.49
sf_1327072-PPT.jpg;35.32;26.53;23.25;21.03
sf_1327073-PPT.jpg;30.28;24.58;19.04;20.31
sf_1435040-PPT.jpg;29.95;23.69;22.27;18.47
sf_1435163-PPT.jpg;37.34;26.36;23.68;22.28
sf_1481171-PPT.jpg;32.63;21.55;20.74;20.71
sf_1599072-PPT.jpg;38.24;24.75;23.54;21.27
sf_1599073-PPT.jpg;35.59;25.21;21.82;22.37
sf_1599417-PPT.jpg;35.09;24.32;19.7;20.49
sf_1599419-PPT.jpg;36.28;26.01;22.58;21.2
sf_1599420-PPT.jpg;36.44;26.51;22.72;22.8
sf_1599888-PPT.jpg;43.61;26.58;23.68;23.28
sf_1599889-PPT.jpg;43.63;26.66;23.65;23.31
sf_1599890-PPT.jpg;41.36;26.2;23.31;22.84
sf_1599891-PPT.jpg;38.39;25.65;23.5;22.38
sf_1599892-PPT.jpg;36.46;26.34;23.31;21.97
sf_1599893-PPT.jpg;31.8;23.27;18.6;17.42
sf_1599894-PPT.jpg;35.25;22.23;18.92;17.1
sf_1599998-PPT.jpg;35.17;25.37;22.89;21.92
sf_1599999-PPT.jpg;35.17;25.38;22.89;21.93
sf_1600000-PPT.jpg;37.23;25.97;22.14;20.91
sf_1600001-PPT.jpg;34.17;23.49;21.0;20.9
sf_1600003-PPT.jpg;33.86;25.75;23.07;21.69
sf_1600004-PPT.jpg;41.92;26.37;22.13;20.98
sf_1600005-PPT.jpg;35.76;24.16;21.45;20.65
sf_1600006-PPT.jpg;33.83;25.97;22.95;21.76
sf_1600007-PPT.jpg;34.71;24.64;21.05;20.52
sf_1600008-PPT.jpg;34.09;25.55;21.31;19.94
sf_1600009-PPT.jpg;32.75;26.54;21.63;19.85
sf_1600010-PPT.jpg;33.63;24.26;20.63;18.96
sf_1600011-PPT.jpg;39.03;26.67;23.63;22.75
sf_1600099-PPT.jpg;33.72;24.95;21.87;20.35
sf_1600101-PPT.jpg;33.62;26.47;21.62;19.0
sf_1600102-PPT.jpg;37.17;26.61;23.53;22.43
sf_1600133-PPT.jpg;32.66;22.97;21.79;20.37
sf_1600134-PPT.jpg;38.47;26.4;23.64;22.46
sf_1600135-PPT.jpg;36.05;26.85;23.12;22.03
sf_1673034-PPT.jpg;37.45;25.66;22.93;21.15
sf_1858071-PPT.jpg;36.59;26.49;20.94;19.67
sf_1858074-PPT.jpg;35.56;26.15;20.38;18.96
sf_4387058-PPT.jpg;29.75;24.35;19.87;17.96
sf_5110009-PPT.jpg;32.93;22.15;22.24;19.31
sf_5360472-PPT.jpg;35.36;21.58;21.68;18.16
sf_5361210-PPT.jpg;33.63;24.17;22.2;18.87
sf_5367921-PPT.jpg;44.21;27.06;23.78;23.06
sf_5367922-PPT.jpg;37.29;26.7;23.84;22.83
sf_5367923-PPT.jpg;39.51;27.13;24.09;23.1
sf_5367924-PPT.jpg;37.17;26.96;23.96;23.24
sf_5438976-PPT.jpg;40.59;26.88;24.01;23.41
sf_5438977-PPT.jpg;39.98;26.88;23.94;23.03
sf_5438978-PPT.jpg;37.36;27.15;23.75;22.87
sf_5507023-PPT.jpg;34.63;26.17;21.53;19.3
sf_5507028-PPT.jpg;32.06;25.49;17.79;17.25
