Imagem;Q1;Q2;Q3;Q4;
hz_1224099-PPT.jpg;91.91;96.67;499.68;233.34
hz_1234055-PPT.jpg;69.3;89.72;328.83;278.98
hz_1234223-PPT.jpg;113.6;182.76;382.2;277.6
hz_1235128-PPT.jpg;155.47;158.87;283.81;349.6
hz_1235134-PPT.jpg;39.64;69.39;313.5;180.81
hz_1235167-PPT.jpg;100.09;309.68;554.69;688.8
hz_1236191-PPT.jpg;481.33;544.48;896.44;832.48
hz_1242061-PPT.jpg;373.01;37.49;334.38;776.71
hz_1327005-PPT.jpg;99.35;333.22;667.58;624.98
hz_1327006-PPT.jpg;30.79;608.33;1046.4;1206.44
hz_1327007-PPT.jpg;29.54;558.02;911.8;983.09
hz_1327010-PPT.jpg;213.41;335.24;905.06;1038.7
hz_1432033-PPT.jpg;74.37;145.62;216.52;236.06
hz_1435039-PPT.jpg;163.77;326.85;565.74;505.14
hz_1435044-PPT.jpg;172.96;286.58;669.95;787.56
hz_1435166-PPT.jpg;281.58;664.46;932.59;1120.98
hz_1472066-PPT.jpg;185.85;200.35;461.37;379.67
hz_1472071-PPT.jpg;143.83;310.55;640.92;790.75
hz_1472072-PPT.jpg;237.82;155.34;427.16;620.32
hz_1599057-PPT.jpg;65.86;147.15;319.2;170.41
hz_1599059-PPT.jpg;47.08;101.73;242.61;256.54
hz_1599060-PPT.jpg;128.48;126.62;386.14;264.42
hz_1599434-PPT.jpg;55.75;63.78;179.95;285.89
hz_1599436-PPT.jpg;47.31;67.89;266.85;236.46
hz_1599438-PPT.jpg;71.57;58.73;323.06;177.8
hz_1599880-PPT.jpg;173.82;399.74;536.16;521.2
hz_1599958-PPT.jpg;234.34;143.28;346.6;857.94
hz_1599992-PPT.jpg;164.57;186.44;303.46;500.05
hz_1599995-PPT.jpg;102.59;317.23;537.9;278.81
hz_1599996-PPT.jpg;163.5;341.61;487.28;668.77
hz_1599997-PPT.jpg;180.5;206.67;412.16;543.43
hz_1600092-PPT.jpg;254.51;442.05;817.88;718.03
hz_1600093-PPT.jpg;481.8;615.32;804.57;880.05
hz_5360671-PPT.jpg;108.8;76.29;365.45;517.14
hz_5360672-PPT.jpg;277.09;280.86;576.39;799.18
hz_5361215-PPT.jpg;163.89;195.19;401.51;425.96
hz_5506206-PPT.jpg;251.73;218.17;427.72;314.32
hz_5506207-PPT.jpg;259.85;161.06;316.57;355.06
hz_5511469-PPT.jpg;91.87;154.77;411.19;344.77
hz_5520223-PPT.jpg;160.85;157.47;380.83;660.75
hz_imagem_64.jpg;62.71;249.26;145.35;348.43
hz_imagem_68.jpg;180.05;322.96;325.25;426.61
sf_1235063-PPT.jpg;254.47;46.76;250.09;233.85
sf_1235064-PPT.jpg;320.47;145.34;306.6;230.76
sf_1235135-PPT.jpg;210.56;256.02;450.61;533.45
sf_1320022-PPT.jpg;197.89;601.71;814.83;585.23
sf_1327032-PPT.jpg;49.97;61.53;451.69;385.96
sf_1327071-PPT.jpg;72.77;330.78;421.56;369.01
sf_1327072-PPT.jpg;150.52;178.06;298.94;424.93
sf_1327073-PPT.jpg;230.21;346.22;969.36;618.03
sf_1435040-PPT.jpg;258.46;389.88;436.75;794.61
sf_1435163-PPT.jpg;45.57;238.13;274.74;281.0
sf_1481171-PPT.jpg;143.3;504.54;686.77;495.55
sf_1599072-PPT.jpg;50.97;241.26;276.53;325.77
sf_1599073-PPT.jpg;88.4;233.28;436.23;245.61
sf_1599417-PPT.jpg;139.76;239.89;774.14;514.47
sf_1599419-PPT.jpg;90.01;213.73;353.22;337.4
sf_1599420-PPT.jpg;60.41;122.48;356.34;181.16
sf_1599888-PPT.jpg;17.78;152.52;307.34;139.59
sf_1599889-PPT.jpg;17.8;149.64;309.98;140.94
sf_1599890-PPT.jpg;28.34;261.28;369.41;211.68
sf_1599891-PPT.jpg;62.12;203.05;291.64;244.21
sf_1599892-PPT.jpg;135.04;131.07;340.73;304.91
sf_1599893-PPT.jpg;304.77;460.14;924.98;1029.02
sf_1599894-PPT.jpg;108.86;482.49;853.74;1219.66
sf_1599998-PPT.jpg;67.75;335.07;412.35;302.11
sf_1599999-PPT.jpg;67.87;340.62;409.43;321.21
sf_1600000-PPT.jpg;155.5;152.27;512.56;490.23
sf_1600001-PPT.jpg;187.39;493.16;605.7;479.17
sf_1600003-PPT.jpg;172.95;196.75;419.94;278.36
sf_1600004-PPT.jpg;13.43;145.86;481.83;427.75
sf_1600005-PPT.jpg;82.98;246.26;489.56;423.8
sf_1600006-PPT.jpg;173.04;199.19;419.87;272.3
sf_1600007-PPT.jpg;122.23;216.48;603.42;464.86
sf_1600008-PPT.jpg;202.12;241.64;547.84;612.48
sf_1600009-PPT.jpg;184.77;138.65;499.38;602.53
sf_1600010-PPT.jpg;180.3;452.96;636.34;785.13
sf_1600011-PPT.jpg;34.17;107.26;290.94;158.5
sf_1600099-PPT.jpg;164.83;204.57;541.71;537.05
sf_1600101-PPT.jpg;179.76;106.6;420.82;735.36
sf_1600102-PPT.jpg;108.73;208.06;348.78;276.32
sf_1600133-PPT.jpg;286.36;311.69;614.62;657.86
sf_1600134-PPT.jpg;49.74;222.87;210.92;294.14
sf_1600135-PPT.jpg;50.34;75.64;363.14;294.38
sf_1673034-PPT.jpg;47.34;363.85;435.06;388.26
sf_1858071-PPT.jpg;96.91;126.66;538.23;694.59
sf_1858074-PPT.jpg;100.03;123.46;595.11;779.63
sf_4387058-PPT.jpg;291.22;293.04;673.7;944.99
sf_5110009-PPT.jpg;128.37;509.77;462.11;744.66
sf_5360472-PPT.jpg;156.72;435.75;502.14;970.06
sf_5361210-PPT.jpg;167.58;247.3;441.41;875.28
sf_5367921-PPT.jpg;24.26;48.65;223.98;189.26
sf_5367922-PPT.jpg;81.54;109.56;233.28;210.42
sf_5367923-PPT.jpg;48.76;56.93;199.44;144.98
sf_5367924-PPT.jpg;82.78;70.21;213.79;133.38
sf_5438976-PPT.jpg;19.26;79.45;209.49;84.87
sf_5438977-PPT.jpg;46.65;78.27;205.68;139.04
sf_5438978-PPT.jpg;72.71;27.88;215.01;134.72
sf_5507023-PPT.jpg;163.69;217.54;473.96;603.96
sf_5507028-PPT.jpg;179.54;231.61;1204.24;1222.45
