Imagem;Q1;Q2;Q3;Q4;
hz_1224099-PPT.jpg;47.01;78.73;401.56;259.57
hz_1234055-PPT.jpg;43.83;87.29;286.03;267.13
hz_1234223-PPT.jpg;69.25;134.45;311.42;263.16
hz_1235128-PPT.jpg;98.12;133.18;249.28;342.24
hz_1235134-PPT.jpg;23.31;69.16;277.35;177.45
hz_1235167-PPT.jpg;63.89;217.79;493.76;571.33
hz_1236191-PPT.jpg;225.77;350.07;674.58;679.98
hz_1242061-PPT.jpg;188.23;45.48;272.22;614.42
hz_1327005-PPT.jpg;66.8;282.75;502.08;500.91
hz_1327006-PPT.jpg;13.9;544.55;939.34;1087.65
hz_1327007-PPT.jpg;15.96;521.9;842.21;913.27
hz_1327010-PPT.jpg;116.05;221.43;732.68;1036.88
hz_1432033-PPT.jpg;39.02;99.23;185.04;233.53
hz_1435039-PPT.jpg;87.65;208.24;456.06;447.1
hz_1435044-PPT.jpg;103.61;232.69;489.57;709.75
hz_1435166-PPT.jpg;145.86;409.55;640.13;1033.67
hz_1472066-PPT.jpg;111.26;163.7;400.25;354.72
hz_1472071-PPT.jpg;85.19;229.35;506.27;781.62
hz_1472072-PPT.jpg;146.87;128.31;349.28;612.74
hz_1599057-PPT.jpg;38.05;106.88;245.8;171.18
hz_1599059-PPT.jpg;22.71;77.94;215.87;245.83
hz_1599060-PPT.jpg;63.64;88.68;347.26;235.79
hz_1599434-PPT.jpg;28.97;62.97;169.91;273.82
hz_1599436-PPT.jpg;25.71;57.86;236.37;232.18
hz_1599438-PPT.jpg;33.87;60.47;251.5;174.66
hz_1599880-PPT.jpg;109.12;284.79;442.5;449.88
hz_1599958-PPT.jpg;133.61;107.44;258.87;832.86
hz_1599992-PPT.jpg;99.35;156.08;267.55;497.81
hz_1599995-PPT.jpg;52.91;228.64;464.34;262.79
hz_1599996-PPT.jpg;95.88;231.24;388.96;636.19
hz_1599997-PPT.jpg;93.75;138.57;302.14;449.4
hz_1600092-PPT.jpg;137.44;334.78;575.99;571.41
hz_1600093-PPT.jpg;245.66;428.92;598.4;705.09
hz_5360671-PPT.jpg;58.2;75.74;324.8;516.4
hz_5360672-PPT.jpg;156.2;228.68;465.39;732.66
hz_5361215-PPT.jpg;94.49;156.1;337.94;381.13
hz_5506206-PPT.jpg;127.0;183.45;351.64;278.12
hz_5506207-PPT.jpg;138.39;121.12;282.48;339.05
hz_5511469-PPT.jpg;50.48;116.46;349.84;293.44
hz_5520223-PPT.jpg;93.0;117.32;342.47;562.96
hz_imagem_64.jpg;23.81;196.47;132.12;335.05
hz_imagem_68.jpg;96.72;198.33;253.99;373.54
sf_1235063-PPT.jpg;148.42;53.56;216.7;219.53
sf_1235064-PPT.jpg;127.46;90.7;231.06;197.43
sf_1235135-PPT.jpg;132.01;210.1;378.44;510.88
sf_1320022-PPT.jpg;126.74;437.13;529.48;498.77
sf_1327032-PPT.jpg;24.38;53.17;331.87;317.75
sf_1327071-PPT.jpg;38.57;320.35;355.8;352.53
sf_1327072-PPT.jpg;81.43;126.23;256.12;403.67
sf_1327073-PPT.jpg;139.39;251.17;869.4;549.21
sf_1435040-PPT.jpg;166.4;305.56;370.03;809.48
sf_1435163-PPT.jpg;29.95;172.41;240.1;257.78
sf_1481171-PPT.jpg;86.54;454.13;582.29;449.44
sf_1599072-PPT.jpg;24.63;199.46;235.77;327.42
sf_1599073-PPT.jpg;53.26;180.73;395.23;237.12
sf_1599417-PPT.jpg;83.4;206.76;707.08;470.39
sf_1599419-PPT.jpg;43.22;144.38;317.66;345.26
sf_1599420-PPT.jpg;37.33;97.61;302.82;187.74
sf_1599888-PPT.jpg;8.24;114.83;233.63;149.63
sf_1599889-PPT.jpg;8.25;111.06;237.37;149.79
sf_1599890-PPT.jpg;14.26;169.32;272.34;200.17
sf_1599891-PPT.jpg;34.87;155.03;243.21;243.41
sf_1599892-PPT.jpg;68.03;98.92;265.22;280.59
sf_1599893-PPT.jpg;209.37;371.12;903.43;1034.3
sf_1599894-PPT.jpg;68.23;434.49;822.43;1203.94
sf_1599998-PPT.jpg;44.11;220.76;321.95;283.59
sf_1599999-PPT.jpg;44.22;227.93;319.26;302.68
sf_1600000-PPT.jpg;69.73;125.7;399.35;434.71
sf_1600001-PPT.jpg;97.45;343.67;515.84;429.02
sf_1600003-PPT.jpg;98.39;163.56;337.9;297.13
sf_1600004-PPT.jpg;9.15;107.42;390.18;402.31
sf_1600005-PPT.jpg;47.83;229.32;445.78;420.12
sf_1600006-PPT.jpg;98.29;165.22;335.72;285.82
sf_1600007-PPT.jpg;62.08;191.3;514.55;446.75
sf_1600008-PPT.jpg;99.57;179.13;469.91;569.87
sf_1600009-PPT.jpg;103.46;104.66;431.52;571.37
sf_1600010-PPT.jpg;105.44;317.05;559.6;741.35
sf_1600011-PPT.jpg;21.91;83.31;238.87;175.22
sf_1600099-PPT.jpg;92.68;185.54;429.14;486.44
sf_1600101-PPT.jpg;91.93;97.38;400.7;707.35
sf_1600102-PPT.jpg;54.98;129.16;267.84;246.21
sf_1600133-PPT.jpg;129.81;300.77;484.78;527.6
sf_1600134-PPT.jpg;31.7;159.78;197.93;271.14
sf_1600135-PPT.jpg;32.8;72.45;288.25;264.49
sf_1673034-PPT.jpg;29.17;249.1;351.83;372.95
sf_1858071-PPT.jpg;48.44;99.54;500.93;645.18
sf_1858074-PPT.jpg;58.43;112.64;561.03;732.62
sf_4387058-PPT.jpg;173.47;237.47;643.07;923.54
sf_5110009-PPT.jpg;80.02;432.91;392.92;683.76
sf_5360472-PPT.jpg;83.33;418.05;434.09;921.26
sf_5361210-PPT.jpg;103.07;216.67;372.89;789.72
sf_5367921-PPT.jpg;13.53;53.09;199.81;176.22
sf_5367922-PPT.jpg;43.66;85.24;206.74;210.28
sf_5367923-PPT.jpg;29.93;54.69;176.06;154.47
sf_5367924-PPT.jpg;49.33;64.38;187.3;146.86
sf_5438976-PPT.jpg;11.84;67.09;190.34;111.86
sf_5438977-PPT.jpg;20.54;66.83;166.74;148.83
sf_5438978-PPT.jpg;38.56;40.48;199.33;158.35
sf_5507023-PPT.jpg;93.59;153.51;426.72;613.93
sf_5507028-PPT.jpg;96.69;157.84;1117.91;1170.73
