Imagem;Q1;Q2;Q3;Q4;
hz_1224099-PPT.jpg;24.9;94.69;366.66;326.57
hz_1234055-PPT.jpg;15.62;96.51;258.37;301.94
hz_1234223-PPT.jpg;39.89;139.15;295.22;302.18
hz_1235128-PPT.jpg;50.35;137.55;261.81;391.31
hz_1235134-PPT.jpg;12.23;94.34;265.49;219.66
hz_1235167-PPT.jpg;35.05;153.67;466.28;539.39
hz_1236191-PPT.jpg;102.19;272.99;552.12;634.28
hz_1242061-PPT.jpg;87.13;75.59;253.88;585.02
hz_1327005-PPT.jpg;44.16;265.52;412.71;483.46
hz_1327006-PPT.jpg;7.19;524.63;881.83;1042.21
hz_1327007-PPT.jpg;8.63;513.09;803.14;898.81
hz_1327010-PPT.jpg;49.39;163.85;625.53;1069.19
hz_1432033-PPT.jpg;16.86;104.09;194.18;287.49
hz_1435039-PPT.jpg;47.36;179.02;402.07;467.83
hz_1435044-PPT.jpg;63.51;223.78;419.7;707.44
hz_1435166-PPT.jpg;73.55;288.42;491.85;1015.09
hz_1472066-PPT.jpg;66.81;157.54;377.85;380.9
hz_1472071-PPT.jpg;40.3;193.11;463.15;813.98
hz_1472072-PPT.jpg;89.35;127.18;312.52;651.57
hz_1599057-PPT.jpg;21.73;113.12;225.07;225.94
hz_1599059-PPT.jpg;9.95;90.98;219.7;297.4
hz_1599060-PPT.jpg;29.97;99.18;331.55;279.99
hz_1599434-PPT.jpg;13.9;90.31;185.01;321.67
hz_1599436-PPT.jpg;13.22;80.44;237.67;282.16
hz_1599438-PPT.jpg;16.57;86.7;237.52;230.87
hz_1599880-PPT.jpg;63.83;207.6;376.11;445.27
hz_1599958-PPT.jpg;76.57;108.12;242.65;864.66
hz_1599992-PPT.jpg;61.41;165.53;267.01;547.29
hz_1599995-PPT.jpg;28.97;216.89;428.97;303.11
hz_1599996-PPT.jpg;50.65;181.7;354.5;658.13
hz_1599997-PPT.jpg;48.2;120.84;273.06;450.37
hz_1600092-PPT.jpg;70.06;295.13;459.17;533.38
hz_1600093-PPT.jpg;115.37;334.83;502.82;646.46
hz_5360671-PPT.jpg;29.08;98.29;319.27;566.38
hz_5360672-PPT.jpg;75.43;213.67;426.61;725.54
hz_5361215-PPT.jpg;49.79;154.58;308.13;399.89
hz_5506206-PPT.jpg;61.8;177.62;321.99;302.38
hz_5506207-PPT.jpg;56.53;119.6;287.67;375.87
hz_5511469-PPT.jpg;26.18;117.47;330.01;329.82
hz_5520223-PPT.jpg;49.62;112.79;334.5;556.51
hz_imagem_64.jpg;11.46;189.01;173.64;380.59
hz_imagem_68.jpg;35.04;127.49;241.62;364.5
sf_1235063-PPT.jpg;67.34;81.41;219.75;260.22
sf_1235064-PPT.jpg;44.6;98.01;231.38;247.97
sf_1235135-PPT.jpg;80.18;200.16;363.69;549.16
sf_1320022-PPT.jpg;77.34;331.91;348.26;470.93
sf_1327032-PPT.jpg;10.64;80.07;266.93;327.99
sf_1327071-PPT.jpg;19.67;327.81;334.17;390.08
sf_1327072-PPT.jpg;36.25;116.47;245.59;436.46
sf_1327073-PPT.jpg;84.77;213.57;808.2;546.21
sf_1435040-PPT.jpg;96.41;271.2;357.08;854.04
sf_1435163-PPT.jpg;18.07;137.53;229.95;294.61
sf_1481171-PPT.jpg;51.29;435.01;523.74;455.99
sf_1599072-PPT.jpg;13.66;193.64;227.78;388.66
sf_1599073-PPT.jpg;28.31;170.68;380.59;285.96
sf_1599417-PPT.jpg;37.0;211.57;678.01;500.08
sf_1599419-PPT.jpg;22.26;134.96;308.16;401.12
sf_1599420-PPT.jpg;21.64;107.95;294.22;246.45
sf_1599888-PPT.jpg;4.12;111.19;221.75;207.28
sf_1599889-PPT.jpg;4.05;105.64;225.89;209.8
sf_1599890-PPT.jpg;7.08;131.16;245.45;236.53
sf_1599891-PPT.jpg;16.67;144.45;229.46;285.76
sf_1599892-PPT.jpg;27.53;111.65;248.02;321.54
sf_1599893-PPT.jpg;87.17;298.63;882.07;1075.55
sf_1599894-PPT.jpg;36.04;388.74;796.65;1216.64
sf_1599998-PPT.jpg;28.57;177.04;286.94;315.32
sf_1599999-PPT.jpg;28.7;185.37;283.88;338.86
sf_1600000-PPT.jpg;26.68;136.46;363.51;454.51
sf_1600001-PPT.jpg;45.04;291.72;483.83;448.21
sf_1600003-PPT.jpg;46.35;141.52;298.03;361.57
sf_1600004-PPT.jpg;5.79;115.65;360.61;418.72
sf_1600005-PPT.jpg;27.38;226.76;432.84;465.73
sf_1600006-PPT.jpg;46.32;144.01;294.76;348.3
sf_1600007-PPT.jpg;36.07;196.18;470.88;486.6
sf_1600008-PPT.jpg;44.71;157.69;445.53;601.2
sf_1600009-PPT.jpg;54.46;112.75;405.72;602.53
sf_1600010-PPT.jpg;49.46;237.46;527.83;752.88
sf_1600011-PPT.jpg;12.7;96.87;222.44;237.34
sf_1600099-PPT.jpg;46.79;190.45;388.18;505.71
sf_1600101-PPT.jpg;49.46;111.3;411.89;737.81
sf_1600102-PPT.jpg;24.46;112.94;246.91;287.73
sf_1600133-PPT.jpg;60.82;308.45;420.14;530.46
sf_1600134-PPT.jpg;16.45;126.73;211.78;296.61
sf_1600135-PPT.jpg;21.96;91.97;266.52;313.53
sf_1673034-PPT.jpg;17.8;170.92;302.11;412.5
sf_1858071-PPT.jpg;24.25;106.22;494.22;654.93
sf_1858074-PPT.jpg;29.66;128.77;567.32;745.81
sf_4387058-PPT.jpg;100.65;219.21;645.97;946.18
sf_5110009-PPT.jpg;48.79;397.15;347.22;692.52
sf_5360472-PPT.jpg;35.92;421.44;403.67;934.72
sf_5361210-PPT.jpg;54.12;222.26;338.19;785.39
sf_5367921-PPT.jpg;5.67;81.75;208.34;216.76
sf_5367922-PPT.jpg;21.72;95.93;200.31;251.38
sf_5367923-PPT.jpg;14.74;78.23;192.76;211.44
sf_5367924-PPT.jpg;23.46;87.25;191.29;202.24
sf_5438976-PPT.jpg;7.76;87.45;192.01;190.54
sf_5438977-PPT.jpg;11.01;86.35;193.13;223.31
sf_5438978-PPT.jpg;20.31;71.6;209.76;225.68
sf_5507023-PPT.jpg;43.73;128.71;421.15;660.71
sf_5507028-PPT.jpg;56.63;155.62;1069.0;1174.56
