Imagem;Q1;Q2;Q3;Q4;
hz_1224099-PPT.jpg;136.47;124.9;601.4;229.04
hz_1234055-PPT.jpg;93.65;109.35;364.0;305.47
hz_1234223-PPT.jpg;157.99;234.02;443.54;308.57
hz_1235128-PPT.jpg;212.66;178.33;317.95;381.66
hz_1235134-PPT.jpg;59.12;74.7;357.37;209.2
hz_1235167-PPT.jpg;125.98;383.31;622.27;764.27
hz_1236191-PPT.jpg;708.54;736.86;1162.61;993.06
hz_1242061-PPT.jpg;585.07;37.78;389.11;1043.31
hz_1327005-PPT.jpg;135.24;391.19;825.8;721.32
hz_1327006-PPT.jpg;55.06;715.58;1135.93;1325.06
hz_1327007-PPT.jpg;41.47;617.2;960.1;1054.22
hz_1327010-PPT.jpg;288.01;430.7;1046.51;1058.43
hz_1432033-PPT.jpg;111.4;205.73;252.26;256.89
hz_1435039-PPT.jpg;231.96;440.24;687.06;563.24
hz_1435044-PPT.jpg;241.66;371.21;818.23;862.84
hz_1435166-PPT.jpg;419.87;893.93;1146.26;1212.49
hz_1472066-PPT.jpg;260.68;262.38;521.19;431.04
hz_1472071-PPT.jpg;193.45;392.52;754.56;826.95
hz_1472072-PPT.jpg;348.11;194.67;494.25;649.68
hz_1599057-PPT.jpg;94.84;207.07;379.25;206.07
hz_1599059-PPT.jpg;74.56;151.07;293.49;297.86
hz_1599060-PPT.jpg;188.88;171.79;454.24;333.39
hz_1599434-PPT.jpg;82.64;78.69;202.45;324.77
hz_1599436-PPT.jpg;69.72;90.88;314.89;265.69
hz_1599438-PPT.jpg;100.25;68.97;393.9;207.44
hz_1599880-PPT.jpg;223.84;486.84;614.21;598.84
hz_1599958-PPT.jpg;330.1;182.79;427.67;884.9
hz_1599992-PPT.jpg;260.62;256.89;351.77;517.18
hz_1599995-PPT.jpg;147.52;482.33;687.78;343.13
hz_1599996-PPT.jpg;237.6;471.76;588.82;746.11
hz_1599997-PPT.jpg;260.79;266.99;491.91;664.96
hz_1600092-PPT.jpg;350.92;559.11;1020.63;895.59
hz_1600093-PPT.jpg;744.12;838.93;1022.19;1073.94
hz_5360671-PPT.jpg;155.53;87.75;400.75;541.81
hz_5360672-PPT.jpg;406.54;344.26;667.73;869.54
hz_5361215-PPT.jpg;216.25;225.34;455.94;488.48
hz_5506206-PPT.jpg;340.43;259.52;501.17;409.62
hz_5506207-PPT.jpg;370.01;220.26;367.32;390.1
hz_5511469-PPT.jpg;154.95;206.25;484.97;397.98
hz_5520223-PPT.jpg;213.34;214.0;417.98;758.28
hz_imagem_64.jpg;106.78;306.61;172.33;376.48
hz_imagem_68.jpg;261.02;416.4;385.73;472.27
sf_1235063-PPT.jpg;346.17;49.05;297.89;283.27
sf_1235064-PPT.jpg;492.48;255.5;393.92;281.34
sf_1235135-PPT.jpg;286.62;308.07;535.15;572.17
sf_1320022-PPT.jpg;269.01;702.72;944.41;751.95
sf_1327032-PPT.jpg;77.7;89.65;560.08;420.31
sf_1327071-PPT.jpg;106.3;346.79;482.32;406.1
sf_1327072-PPT.jpg;203.7;226.74;341.35;458.08
sf_1327073-PPT.jpg;327.32;453.19;1078.01;722.65
sf_1435040-PPT.jpg;345.87;457.35;461.83;791.5
sf_1435163-PPT.jpg;61.27;328.63;287.24;331.07
sf_1481171-PPT.jpg;206.22;564.75;781.54;554.56
sf_1599072-PPT.jpg;84.53;293.57;324.11;352.14
sf_1599073-PPT.jpg;123.26;299.58;473.86;270.29
sf_1599417-PPT.jpg;203.7;296.2;831.15;595.79
sf_1599419-PPT.jpg;137.78;313.73;402.2;353.19
sf_1599420-PPT.jpg;83.64;148.62;404.84;201.79
sf_1599888-PPT.jpg;27.94;178.91;350.95;143.08
sf_1599889-PPT.jpg;28.06;176.32;354.5;144.28
sf_1599890-PPT.jpg;42.26;312.75;436.0;231.54
sf_1599891-PPT.jpg;86.77;255.49;378.05;282.25
sf_1599892-PPT.jpg;214.25;184.37;457.61;374.79
sf_1599893-PPT.jpg;365.67;528.49;968.39;1035.37
sf_1599894-PPT.jpg;138.67;515.2;889.87;1227.61
sf_1599998-PPT.jpg;94.0;403.0;483.17;328.44
sf_1599999-PPT.jpg;94.13;406.24;480.08;346.54
sf_1600000-PPT.jpg;267.23;186.07;650.65;595.77
sf_1600001-PPT.jpg;295.63;692.48;720.01;560.6
sf_1600003-PPT.jpg;225.64;227.18;495.73;286.04
sf_1600004-PPT.jpg;17.19;186.2;540.73;484.62
sf_1600005-PPT.jpg;105.85;259.01;537.29;451.43
sf_1600006-PPT.jpg;225.67;228.78;496.12;280.2
sf_1600007-PPT.jpg;174.04;248.57;708.33;507.66
sf_1600008-PPT.jpg;328.11;342.43;652.66;698.31
sf_1600009-PPT.jpg;263.42;174.5;567.77;650.25
sf_1600010-PPT.jpg;263.41;627.52;723.78;849.97
sf_1600011-PPT.jpg;44.34;142.16;343.09;164.17
sf_1600099-PPT.jpg;257.69;237.7;654.63;614.1
sf_1600101-PPT.jpg;263.29;128.02;444.01;833.08
sf_1600102-PPT.jpg;159.32;280.86;453.99;322.6
sf_1600133-PPT.jpg;435.77;327.96;772.81;790.09
sf_1600134-PPT.jpg;61.8;302.51;232.69;338.55
sf_1600135-PPT.jpg;69.51;87.96;479.99;358.38
sf_1673034-PPT.jpg;66.97;436.97;516.46;408.96
sf_1858071-PPT.jpg;145.61;171.54;586.33;758.19
sf_1858074-PPT.jpg;144.76;149.62;650.6;841.97
sf_4387058-PPT.jpg;433.85;380.42;718.92;955.86
sf_5110009-PPT.jpg;168.55;588.34;538.91;818.21
sf_5360472-PPT.jpg;211.73;469.82;570.43;1024.38
sf_5361210-PPT.jpg;232.2;287.05;522.1;964.92
sf_5367921-PPT.jpg;31.12;50.52;250.66;200.47
sf_5367922-PPT.jpg;103.77;133.34;270.8;223.73
sf_5367923-PPT.jpg;62.1;72.16;232.97;149.46
sf_5367924-PPT.jpg;109.7;85.83;246.96;138.3
sf_5438976-PPT.jpg;28.15;113.55;238.13;82.55
sf_5438977-PPT.jpg;82.73;106.52;256.15;167.54
sf_5438978-PPT.jpg;89.09;26.47;243.0;133.54
sf_5507023-PPT.jpg;252.59;299.31;505.02;608.94
sf_5507028-PPT.jpg;293.71;290.06;1310.46;1292.06
