Imagem;Q1;Q2;Q3;Q4;
hz_1224099-PPT.jpg;15.6;136.93;410.56;424.2
hz_1234055-PPT.jpg;9.18;135.64;307.68;392.3
hz_1234223-PPT.jpg;25.09;171.32;337.12;387.83
hz_1235128-PPT.jpg;29.48;165.06;317.97;474.1
hz_1235134-PPT.jpg;7.75;132.82;308.56;313.65
hz_1235167-PPT.jpg;20.68;162.0;504.39;592.39
hz_1236191-PPT.jpg;54.57;274.99;552.57;675.27
hz_1242061-PPT.jpg;42.55;122.42;298.22;643.59
hz_1327005-PPT.jpg;29.07;280.37;419.33;539.24
hz_1327006-PPT.jpg;4.74;531.13;881.75;1067.3
hz_1327007-PPT.jpg;5.48;526.47;812.3;945.02
hz_1327010-PPT.jpg;27.24;173.53;615.17;1130.81
hz_1432033-PPT.jpg;9.23;141.3;257.08;377.82
hz_1435039-PPT.jpg;29.76;202.71;424.87;543.35
hz_1435044-PPT.jpg;44.42;248.18;426.47;765.67
hz_1435166-PPT.jpg;48.31;272.87;477.76;1057.08
hz_1472066-PPT.jpg;46.88;185.28;421.24;462.99
hz_1472071-PPT.jpg;24.04;208.84;494.69;883.26
hz_1472072-PPT.jpg;62.44;158.15;353.98;720.8
hz_1599057-PPT.jpg;14.84;148.69;278.85;316.29
hz_1599059-PPT.jpg;5.69;129.2;282.67;384.83
hz_1599060-PPT.jpg;19.23;136.26;381.61;372.52
hz_1599434-PPT.jpg;9.08;134.74;262.61;415.12
hz_1599436-PPT.jpg;8.05;124.65;297.94;370.38
hz_1599438-PPT.jpg;9.82;132.59;294.54;330.98
hz_1599880-PPT.jpg;41.47;203.37;399.85;501.21
hz_1599958-PPT.jpg;51.24;146.33;303.3;934.69
hz_1599992-PPT.jpg;43.36;199.58;328.77;630.0
hz_1599995-PPT.jpg;18.44;240.0;468.24;390.98
hz_1599996-PPT.jpg;31.72;196.74;396.14;727.2
hz_1599997-PPT.jpg;29.04;150.05;321.08;519.47
hz_1600092-PPT.jpg;44.39;302.45;463.54;582.49
hz_1600093-PPT.jpg;64.46;329.38;502.04;693.34
hz_5360671-PPT.jpg;18.05;145.51;371.04;649.96
hz_5360672-PPT.jpg;47.88;235.31;462.84;788.13
hz_5361215-PPT.jpg;31.92;183.09;350.69;485.74
hz_5506206-PPT.jpg;34.29;205.16;355.62;388.69
hz_5506207-PPT.jpg;35.94;153.49;344.81;460.3
hz_5511469-PPT.jpg;17.74;152.08;382.98;417.03
hz_5520223-PPT.jpg;30.84;148.01;379.16;618.58
hz_imagem_64.jpg;7.87;216.42;244.8;467.87
hz_imagem_68.jpg;14.67;145.51;289.13;428.06
sf_1235063-PPT.jpg;31.4;130.71;277.75;345.08
sf_1235064-PPT.jpg;19.91;139.11;286.43;348.09
sf_1235135-PPT.jpg;56.83;218.63;395.37;621.46
sf_1320022-PPT.jpg;54.74;330.73;367.36;531.06
sf_1327032-PPT.jpg;5.92;126.88;301.09;406.84
sf_1327071-PPT.jpg;11.42;351.47;363.89;475.48
sf_1327072-PPT.jpg;19.1;148.4;293.87;520.43
sf_1327073-PPT.jpg;61.19;219.15;816.43;607.19
sf_1435040-PPT.jpg;65.9;277.63;390.27;925.31
sf_1435163-PPT.jpg;11.99;152.89;287.48;374.19
sf_1481171-PPT.jpg;35.62;449.53;544.34;526.59
sf_1599072-PPT.jpg;9.71;220.81;288.04;479.63
sf_1599073-PPT.jpg;17.87;195.14;427.66;381.93
sf_1599417-PPT.jpg;20.14;242.74;708.5;578.68
sf_1599419-PPT.jpg;15.2;161.35;361.14;493.99
sf_1599420-PPT.jpg;14.78;144.79;341.45;346.63
sf_1599888-PPT.jpg;2.79;148.63;285.13;309.06
sf_1599889-PPT.jpg;2.8;140.87;287.27;315.63
sf_1599890-PPT.jpg;4.77;156.55;301.05;327.92
sf_1599891-PPT.jpg;9.38;165.97;286.27;381.72
sf_1599892-PPT.jpg;14.68;150.9;296.66;418.12
sf_1599893-PPT.jpg;43.07;302.22;907.98;1139.75
sf_1599894-PPT.jpg;19.34;389.7;828.82;1268.26
sf_1599998-PPT.jpg;19.82;189.52;332.37;409.29
sf_1599999-PPT.jpg;19.82;195.21;327.49;430.71
sf_1600000-PPT.jpg;12.29;169.36;399.24;537.18
sf_1600001-PPT.jpg;24.93;296.6;524.08;526.7
sf_1600003-PPT.jpg;26.8;165.82;326.57;450.21
sf_1600004-PPT.jpg;4.12;150.87;403.01;491.46
sf_1600005-PPT.jpg;17.21;248.23;467.7;549.65
sf_1600006-PPT.jpg;26.83;171.07;320.14;439.73
sf_1600007-PPT.jpg;22.02;222.7;499.13;566.59
sf_1600008-PPT.jpg;25.42;180.59;480.89;679.69
sf_1600009-PPT.jpg;34.59;150.23;450.23;677.44
sf_1600010-PPT.jpg;28.12;234.25;552.11;810.35
sf_1600011-PPT.jpg;8.13;136.29;274.75;334.25
sf_1600099-PPT.jpg;27.69;216.14;429.08;579.88
sf_1600101-PPT.jpg;28.22;149.7;457.74;807.43
sf_1600102-PPT.jpg;12.37;144.67;295.34;378.74
sf_1600133-PPT.jpg;35.25;329.22;439.02;601.56
sf_1600134-PPT.jpg;9.15;149.88;276.45;378.14
sf_1600135-PPT.jpg;16.16;135.37;326.5;407.95
sf_1673034-PPT.jpg;11.73;172.25;329.91;500.72
sf_1858071-PPT.jpg;14.17;144.76;524.27;719.49
sf_1858074-PPT.jpg;18.17;166.08;593.55;814.64
sf_4387058-PPT.jpg;68.94;234.08;667.9;1007.89
sf_5110009-PPT.jpg;33.09;399.92;374.78;755.06
sf_5360472-PPT.jpg;18.92;441.6;448.22;995.38
sf_5361210-PPT.jpg;28.27;253.27;389.4;850.99
sf_5367921-PPT.jpg;2.48;129.87;271.14;311.66
sf_5367922-PPT.jpg;12.16;136.74;263.28;347.76
sf_5367923-PPT.jpg;7.3;126.35;267.21;308.85
sf_5367924-PPT.jpg;12.5;130.46;255.03;299.17
sf_5438976-PPT.jpg;5.66;133.0;262.92;294.49
sf_5438977-PPT.jpg;6.56;133.24;255.86;329.91
sf_5438978-PPT.jpg;11.92;125.1;278.91;325.66
sf_5507023-PPT.jpg;22.38;153.72;470.9;735.07
sf_5507028-PPT.jpg;40.42;187.84;1078.37;1224.15
