Imagem;Q1;Q2;Q3;Q4;
hz_1224099-PPT.jpg;31.87;83.78;364.14;292.44
hz_1234055-PPT.jpg;22.13;86.82;258.08;274.94
hz_1234223-PPT.jpg;49.62;132.64;288.56;274.99
hz_1235128-PPT.jpg;66.76;133.64;247.52;363.3
hz_1235134-PPT.jpg;15.64;81.75;261.45;191.83
hz_1235167-PPT.jpg;44.11;166.56;466.98;539.83
hz_1236191-PPT.jpg;135.45;289.95;579.89;636.64
hz_1242061-PPT.jpg;117.88;60.96;244.16;586.22
hz_1327005-PPT.jpg;51.68;268.86;438.56;483.45
hz_1327006-PPT.jpg;9.39;530.9;907.19;1049.26
hz_1327007-PPT.jpg;11.11;514.64;823.17;893.41
hz_1327010-PPT.jpg;69.62;177.21;672.26;1049.51
hz_1432033-PPT.jpg;23.57;96.18;192.13;257.51
hz_1435039-PPT.jpg;59.96;182.51;425.21;450.03
hz_1435044-PPT.jpg;78.18;221.74;447.72;695.98
hz_1435166-PPT.jpg;95.08;330.71;542.45;1014.1
hz_1472066-PPT.jpg;83.28;154.63;393.41;360.63
hz_1472071-PPT.jpg;55.09;199.11;485.89;795.89
hz_1472072-PPT.jpg;111.27;124.06;327.21;631.4
hz_1599057-PPT.jpg;27.57;106.31;236.6;195.21
hz_1599059-PPT.jpg;13.76;81.72;221.58;271.87
hz_1599060-PPT.jpg;39.73;89.91;337.83;250.47
hz_1599434-PPT.jpg;17.74;75.25;187.64;293.71
hz_1599436-PPT.jpg;17.31;66.77;243.67;255.5
hz_1599438-PPT.jpg;21.76;72.77;249.84;200.1
hz_1599880-PPT.jpg;81.17;231.18;409.07;434.76
hz_1599958-PPT.jpg;95.57;102.52;255.23;846.74
hz_1599992-PPT.jpg;73.3;157.2;270.55;520.66
hz_1599995-PPT.jpg;36.64;219.1;445.3;278.58
hz_1599996-PPT.jpg;64.57;192.1;369.53;635.33
hz_1599997-PPT.jpg;63.23;121.72;293.04;439.85
hz_1600092-PPT.jpg;90.49;303.18;509.07;541.59
hz_1600093-PPT.jpg;163.37;360.02;538.78;651.06
hz_5360671-PPT.jpg;38.18;86.74;324.17;540.05
hz_5360672-PPT.jpg;103.46;214.02;449.26;719.01
hz_5361215-PPT.jpg;64.86;149.82;323.75;381.22
hz_5506206-PPT.jpg;82.48;173.85;335.38;283.81
hz_5506207-PPT.jpg;74.2;114.24;289.0;352.12
hz_5511469-PPT.jpg;33.76;109.47;334.02;302.92
hz_5520223-PPT.jpg;63.44;107.34;337.5;546.32
hz_imagem_64.jpg;14.63;186.25;149.47;355.48
hz_imagem_68.jpg;54.85;141.82;240.12;361.34
sf_1235063-PPT.jpg;93.02;66.83;208.36;234.24
sf_1235064-PPT.jpg;69.67;89.48;217.85;221.2
sf_1235135-PPT.jpg;98.64;199.19;363.1;526.87
sf_1320022-PPT.jpg;93.74;353.34;386.62;467.39
sf_1327032-PPT.jpg;15.04;66.0;290.66;308.17
sf_1327071-PPT.jpg;25.17;323.53;346.98;366.53
sf_1327072-PPT.jpg;51.32;115.19;249.94;414.59
sf_1327073-PPT.jpg;102.43;223.01;828.59;534.73
sf_1435040-PPT.jpg;121.45;277.88;376.03;829.74
sf_1435163-PPT.jpg;22.53;144.14;218.26;271.41
sf_1481171-PPT.jpg;62.89;437.93;553.79;442.91
sf_1599072-PPT.jpg;17.04;191.22;233.58;357.62
sf_1599073-PPT.jpg;36.98;169.93;397.88;259.16
sf_1599417-PPT.jpg;51.38;204.39;703.73;481.43
sf_1599419-PPT.jpg;28.92;134.25;319.66;373.3
sf_1599420-PPT.jpg;26.72;98.83;307.38;216.55
sf_1599888-PPT.jpg;5.25;104.42;231.32;175.54
sf_1599889-PPT.jpg;5.25;99.66;235.91;176.38
sf_1599890-PPT.jpg;9.17;134.26;265.52;211.77
sf_1599891-PPT.jpg;23.08;141.46;241.23;258.76
sf_1599892-PPT.jpg;39.44;103.14;260.89;300.27
sf_1599893-PPT.jpg;119.07;318.51;895.77;1053.0
sf_1599894-PPT.jpg;46.45;398.19;810.06;1206.42
sf_1599998-PPT.jpg;34.15;191.22;308.87;294.64
sf_1599999-PPT.jpg;34.27;200.34;307.81;316.2
sf_1600000-PPT.jpg;38.85;128.24;376.52;435.83
sf_1600001-PPT.jpg;61.06;304.91;492.59;428.23
sf_1600003-PPT.jpg;68.7;146.95;323.31;327.14
sf_1600004-PPT.jpg;7.02;106.21;379.52;399.16
sf_1600005-PPT.jpg;35.58;225.34;442.81;441.4
sf_1600006-PPT.jpg;68.79;149.73;322.68;314.16
sf_1600007-PPT.jpg;44.89;190.79;485.64;460.33
sf_1600008-PPT.jpg;62.86;158.13;453.09;579.58
sf_1600009-PPT.jpg;72.45;103.66;418.21;583.84
sf_1600010-PPT.jpg;67.18;263.13;542.55;739.81
sf_1600011-PPT.jpg;16.43;85.67;232.5;205.17
sf_1600099-PPT.jpg;63.49;184.41;402.2;487.52
sf_1600101-PPT.jpg;61.21;98.83;402.64;717.67
sf_1600102-PPT.jpg;33.54;111.54;265.48;261.74
sf_1600133-PPT.jpg;81.4;302.62;449.93;515.36
sf_1600134-PPT.jpg;20.72;130.42;211.08;277.67
sf_1600135-PPT.jpg;25.74;81.13;278.85;282.56
sf_1673034-PPT.jpg;21.68;202.34;323.36;386.74
sf_1858071-PPT.jpg;32.83;95.92;495.51;640.72
sf_1858074-PPT.jpg;38.87;118.94;562.72;733.27
sf_4387058-PPT.jpg;124.25;219.36;641.22;931.14
sf_5110009-PPT.jpg;60.37;404.57;372.07;681.74
sf_5360472-PPT.jpg;52.39;416.59;416.03;919.13
sf_5361210-PPT.jpg;71.85;217.03;352.44;776.5
sf_5367921-PPT.jpg;8.54;66.0;207.82;193.8
sf_5367922-PPT.jpg;29.15;87.31;210.4;227.7
sf_5367923-PPT.jpg;20.47;64.2;187.38;181.53
sf_5367924-PPT.jpg;31.13;73.66;193.79;174.56
sf_5438976-PPT.jpg;9.23;75.0;172.37;153.04
sf_5438977-PPT.jpg;14.0;74.77;186.4;184.86
sf_5438978-PPT.jpg;25.36;55.9;188.37;191.11
sf_5507023-PPT.jpg;60.08;130.61;428.1;635.38
sf_5507028-PPT.jpg;69.15;148.66;1084.63;1163.96
