Imagem;Q1;Q2;Q3;Q4;
hz_1224099-PPT.jpg;0.015;0.015;0.01;0.01;
0.01;0.01;0.01;0.01;
hz_1234055-PPT.jpg;0.01;0.01;0.01;0.01;
0.01;0.01;0.01;0.01;
hz_1234223-PPT.jpg;0.01;0.01;0.01;0.01;
0.01;0.01;0.01;0.01;
hz_1235128-PPT.jpg;0.01;0.005;0.01;0.01;
0.01;0.005;0.01;0.01;
hz_1235134-PPT.jpg;0.01;0.005;0.01;0.01;
0.01;0.005;0.01;0.01;
hz_1235167-PPT.jpg;0.015;0.005;0.01;0.01;
0.01;0.005;0.01;0.01;
hz_1236191-PPT.jpg;0.01;0.005;0.01;0.01;
0.01;0.005;0.01;0.01;
hz_1242061-PPT.jpg;0.01;0.005;0.01;0.01;
0.01;0.005;0.01;0.01;
hz_1327005-PPT.jpg;0.015;0.005;0.01;0.01;
0.01;0.005;0.01;0.01;
hz_1327006-PPT.jpg;0.01;0.005;0.01;0.01;
0.01;0.01;0.01;0.01;
hz_1327007-PPT.jpg;0.005;0.005;0.005;0.005;
0.005;0.005;0.005;0.005;
hz_1327010-PPT.jpg;0.005;0.005;0.005;0.005;
0.005;0.005;0.005;0.005;
hz_1432033-PPT.jpg;0.005;0.005;0.005;0.005;
0.005;0.005;0.005;0.005;
hz_1435039-PPT.jpg;0.005;0.005;0.005;0.005;
0.005;0.005;0.005;0.005;
hz_1435044-PPT.jpg;0.005;0.005;0.005;0.005;
0.005;0.005;0.005;0.005;
hz_1435166-PPT.jpg;0.005;0.005;0.005;0.005;
0.005;0.005;0.005;0.005;
hz_1472066-PPT.jpg;0.005;0.005;0.005;0.005;
0.005;0.005;0.005;0.005;
hz_1472071-PPT.jpg;0.005;0.005;0.005;0.005;
0.005;0.005;0.005;0.005;
hz_1472072-PPT.jpg;0.005;0.005;0.005;0.005;
0.005;0.005;0.005;0.005;
hz_1599057-PPT.jpg;0.005;0.005;0.005;0.005;
0.005;0.005;0.005;0.005;
hz_1599059-PPT.jpg;0.005;0.005;0.005;0.005;
0.005;0.005;0.005;0.005;
hz_1599060-PPT.jpg;0.005;0.005;0.005;0.005;
0.005;0.005;0.005;0.005;
hz_1599434-PPT.jpg;0.005;0.005;0.005;0.005;
0.005;0.005;0.005;0.005;
hz_1599436-PPT.jpg;0.005;0.005;0.005;0.005;
0.005;0.005;0.005;0.005;
hz_1599438-PPT.jpg;0.005;0.005;0.005;0.005;
0.005;0.005;0.005;0.005;
hz_1599880-PPT.jpg;0.005;0.005;0.005;0.005;
0.005;0.005;0.005;0.005;
hz_1599958-PPT.jpg;0.005;0.005;0.005;0.005;
0.005;0.005;0.005;0.005;
hz_1599992-PPT.jpg;0.005;0.005;0.005;0.005;
0.005;0.005;0.005;0.005;
hz_1599995-PPT.jpg;0.005;0.005;0.005;0.005;
0.005;0.005;0.005;0.005;
hz_1599996-PPT.jpg;0.005;0.005;0.005;0.005;
0.005;0.005;0.005;0.01;
hz_1599997-PPT.jpg;0.005;0.005;0.005;0.01;
0.005;0.005;0.005;0.01;
hz_1600092-PPT.jpg;0.005;0.005;0.005;0.01;
0.005;0.005;0.005;0.01;
hz_1600093-PPT.jpg;0.005;0.005;0.005;0.01;
0.005;0.005;0.005;0.01;
hz_5360671-PPT.jpg;0.005;0.005;0.005;0.005;
0.005;0.005;0.005;0.005;
hz_5360672-PPT.jpg;0.005;0.005;0.005;0.005;
0.005;0.005;0.005;0.005;
hz_5361215-PPT.jpg;0.005;0.005;0.005;0.005;
0.005;0.005;0.005;0.005;
hz_5506206-PPT.jpg;0.005;0.005;0.005;0.005;
0.005;0.005;0.005;0.005;
hz_5506207-PPT.jpg;0.005;0.005;0.005;0.005;
0.005;0.005;0.005;0.005;
hz_5511469-PPT.jpg;0.005;0.005;0.005;0.005;
0.005;0.005;0.005;0.005;
hz_5520223-PPT.jpg;0.005;0.005;0.005;0.005;
0.005;0.005;0.005;0.005;
hz_imagem_64.jpg;0.005;0.005;0.005;0.005;
0.005;0.005;0.005;0.005;
hz_imagem_68.jpg;0.005;0.005;0.005;0.005;
0.005;0.005;0.005;0.005;
sf_1235063-PPT.jpg;0.005;0.005;0.005;0.005;
0.005;0.005;0.005;0.005;
sf_1235064-PPT.jpg;0.005;0.005;0.005;0.005;
0.005;0.005;0.005;0.005;
sf_1235135-PPT.jpg;0.005;0.005;0.005;0.005;
0.005;0.005;0.005;0.005;
sf_1320022-PPT.jpg;0.005;0.005;0.005;0.005;
0.005;0.005;0.005;0.005;
sf_1327032-PPT.jpg;0.005;0.005;0.005;0.005;
0.005;0.005;0.005;0.005;
sf_1327071-PPT.jpg;0.005;0.005;0.005;0.005;
0.005;0.005;0.005;0.005;
sf_1327072-PPT.jpg;0.005;0.005;0.005;0.005;
0.005;0.005;0.005;0.005;
sf_1327073-PPT.jpg;0.005;0.005;0.005;0.005;
0.005;0.005;0.005;0.005;
sf_1435040-PPT.jpg;0.005;0.005;0.005;0.005;
0.005;0.005;0.005;0.005;
sf_1435163-PPT.jpg;0.005;0.005;0.005;0.005;
0.005;0.005;0.005;0.005;
sf_1481171-PPT.jpg;0.005;0.005;0.005;0.005;
0.005;0.005;0.005;0.005;
sf_1599072-PPT.jpg;0.005;0.005;0.005;0.005;
0.005;0.005;0.005;0.005;
sf_1599073-PPT.jpg;0.005;0.005;0.005;0.005;
0.005;0.005;0.005;0.005;
sf_1599417-PPT.jpg;0.005;0.005;0.005;0.005;
0.005;0.005;0.005;0.005;
sf_1599419-PPT.jpg;0.005;0.005;0.005;0.005;
0.005;0.005;0.005;0.005;
sf_1599420-PPT.jpg;0.005;0.005;0.005;0.005;
0.005;0.005;0.005;0.005;
sf_1599888-PPT.jpg;0.005;0.005;0.005;0.005;
0.005;0.005;0.005;0.005;
sf_1599889-PPT.jpg;0.005;0.005;0.005;0.005;
0.005;0.005;0.005;0.005;
sf_1599890-PPT.jpg;0.005;0.005;0.005;0.005;
0.005;0.005;0.005;0.005;
sf_1599891-PPT.jpg;0.005;0.005;0.005;0.005;
0.005;0.005;0.005;0.005;
sf_1599892-PPT.jpg;0.005;0.005;0.005;0.005;
0.005;0.005;0.005;0.005;
sf_1599893-PPT.jpg;0.005;0.005;0.005;0.005;
0.005;0.005;0.005;0.005;
sf_1599894-PPT.jpg;0.005;0.005;0.005;0.005;
0.005;0.005;0.005;0.005;
sf_1599998-PPT.jpg;0.005;0.005;0.005;0.005;
0.005;0.005;0.005;0.005;
sf_1599999-PPT.jpg;0.005;0.005;0.005;0.005;
0.005;0.005;0.005;0.005;
sf_1600000-PPT.jpg;0.005;0.005;0.005;0.005;
0.005;0.005;0.005;0.005;
sf_1600001-PPT.jpg;0.005;0.005;0.005;0.005;
0.005;0.005;0.005;0.005;
sf_1600003-PPT.jpg;0.005;0.005;0.005;0.005;
0.005;0.005;0.005;0.005;
sf_1600004-PPT.jpg;0.005;0.005;0.005;0.005;
0.005;0.005;0.005;0.005;
sf_1600005-PPT.jpg;0.005;0.005;0.005;0.005;
0.005;0.005;0.005;0.005;
sf_1600006-PPT.jpg;0.005;0.005;0.005;0.005;
0.005;0.005;0.005;0.005;
sf_1600007-PPT.jpg;0.005;0.005;0.005;0.005;
0.005;0.005;0.005;0.005;
sf_1600008-PPT.jpg;0.005;0.005;0.005;0.005;
0.005;0.005;0.005;0.005;
sf_1600009-PPT.jpg;0.005;0.005;0.005;0.005;
0.005;0.005;0.005;0.005;
sf_1600010-PPT.jpg;0.005;0.005;0.005;0.005;
0.005;0.005;0.005;0.005;
sf_1600011-PPT.jpg;0.005;0.005;0.005;0.005;
0.005;0.005;0.005;0.005;
sf_1600099-PPT.jpg;0.005;0.005;0.005;0.005;
0.005;0.005;0.005;0.005;
sf_1600101-PPT.jpg;0.005;0.005;0.005;0.005;
0.005;0.005;0.005;0.005;
sf_1600102-PPT.jpg;0.005;0.005;0.005;0.005;
0.005;0.005;0.005;0.005;
sf_1600133-PPT.jpg;0.005;0.005;0.005;0.005;
0.005;0.005;0.005;0.005;
sf_1600134-PPT.jpg;0.005;0.005;0.005;0.005;
0.005;0.005;0.005;0.005;
sf_1600135-PPT.jpg;0.005;0.005;0.005;0.005;
0.005;0.005;0.005;0.005;
sf_1673034-PPT.jpg;0.005;0.005;0.005;0.005;
0.005;0.005;0.005;0.005;
sf_1858071-PPT.jpg;0.005;0.005;0.005;0.005;
0.005;0.005;0.005;0.005;
sf_1858074-PPT.jpg;0.005;0.005;0.005;0.005;
0.005;0.005;0.005;0.005;
sf_4387058-PPT.jpg;0.005;0.005;0.005;0.005;
0.005;0.005;0.005;0.01;
sf_5110009-PPT.jpg;0.005;0.005;0.005;0.01;
0.005;0.005;0.005;0.01;
sf_5360472-PPT.jpg;0.005;0.005;0.005;0.01;
0.005;0.005;0.005;0.01;
sf_5361210-PPT.jpg;0.005;0.005;0.005;0.01;
0.005;0.005;0.005;0.01;
sf_5367921-PPT.jpg;0.005;0.005;0.005;0.01;
0.005;0.005;0.005;0.01;
sf_5367922-PPT.jpg;0.005;0.005;0.005;0.01;
0.005;0.005;0.005;0.01;
sf_5367923-PPT.jpg;0.005;0.005;0.005;0.01;
0.005;0.005;0.005;0.01;
sf_5367924-PPT.jpg;0.005;0.005;0.005;0.01;
0.005;0.005;0.005;0.01;
sf_5438976-PPT.jpg;0.005;0.005;0.005;0.01;
0.005;0.005;0.005;0.01;
sf_5438977-PPT.jpg;0.005;0.005;0.005;0.01;
0.005;0.005;0.005;0.01;
sf_5438978-PPT.jpg;0.005;0.005;0.005;0.01;
0.005;0.005;0.005;0.01;
sf_5507023-PPT.jpg;0.005;0.005;0.005;0.01;
0.005;0.005;0.005;0.01;
sf_5507028-PPT.jpg;0.005;0.005;0.005;0.01;
0.005;0.005;0.005;0.01;
